-4.849299788475036621e-03 7.656574249267578125e-03 4.410114511847496033e-02 4.742663726210594177e-02
-1.520894467830657959e-03 -1.589796878397464752e-02 5.208360403776168823e-02 3.890101239085197449e-02
1.502486877143383026e-02 -8.583036251366138458e-03 5.394691228866577148e-02 3.661763668060302734e-02
-1.576260849833488464e-02 -7.444710936397314072e-03 5.400407314300537109e-02 3.688754886388778687e-02
-1.565640047192573547e-02 1.289770565927028656e-02 6.408371031284332275e-02 2.733084373176097870e-02
1.316132210195064545e-02 9.038326330482959747e-03 5.175847560167312622e-02 3.911823034286499023e-02
8.426755084656178951e-04 1.977307349443435669e-02 6.451763212680816650e-02 2.638356201350688934e-02
2.042702026665210724e-02 2.058742381632328033e-02 1.381389051675796509e-02 2.403441816568374634e-02
2.503183670341968536e-02 1.446296833455562592e-02 1.359891239553689957e-02 2.401074767112731934e-02
1.633599959313869476e-02 2.855357155203819275e-02 1.062716636806726456e-02 1.987574063241481781e-02
2.494190074503421783e-02 4.567456245422363281e-02 3.596199443563818932e-03 6.874416023492813110e-03
3.494055941700935364e-02 4.062608256936073303e-02 3.057548776268959045e-03 7.208666298538446426e-03
4.643248394131660461e-02 2.257106639444828033e-02 3.567761508747935295e-03 6.590424571186304092e-03
3.692056238651275635e-02 3.200298175215721130e-02 2.824136521667242050e-03 3.349170321598649025e-03
4.303504526615142822e-02 3.195038810372352600e-02 3.017847891896963120e-03 6.713183596730232239e-03
1.353625091724097729e-03 7.503465283662080765e-03 3.467045724391937256e-02 4.467733949422836304e-02
6.798267830163240433e-03 3.138436004519462585e-02 1.071375608444213867e-02 1.991534046828746796e-02
1.983526162803173065e-02 4.862214624881744385e-02 3.660550108179450035e-03 7.774443831294775009e-03
8.035331964492797852e-03 5.189859122037887573e-02 3.642295720055699348e-03 7.606352679431438446e-03
-3.112749196588993073e-03 2.958036586642265320e-02 1.274115964770317078e-02 2.320647425949573517e-02
-1.338180433958768845e-02 5.092031136155128479e-02 3.638887079432606697e-03 7.703381590545177460e-03
-2.393602579832077026e-02 4.793496057391166687e-02 3.081967821344733238e-03 5.587012507021427155e-03
-2.252521924674510956e-03 5.297054722905158997e-02 3.041298361495137215e-03 6.334278266876935959e-03
-9.308595210313796997e-03 6.748664192855358124e-03 3.080395609140396118e-02 3.993219137191772461e-02
-1.500539761036634445e-02 2.816155739128589630e-02 1.171693578362464905e-02 2.154912613332271576e-02
-3.056254610419273376e-02 9.485160000622272491e-03 1.088951528072357178e-02 2.058668620884418488e-02
-2.682310529053211212e-02 2.238464541733264923e-02 8.467553183436393738e-03 1.683730818331241608e-02
-2.721707336604595184e-02 4.430914670228958130e-02 3.658491186797618866e-03 7.287329528480768204e-03
-3.677385672926902771e-02 3.740171715617179871e-02 3.604425350204110146e-03 7.814243435859680176e-03
-4.440921172499656677e-02 2.781092748045921326e-02 3.613857086747884750e-03 7.582873106002807617e-03
-4.535957798361778259e-02 1.635053567588329315e-02 4.815043881535530090e-03 9.114178828895092010e-03
4.451910033822059631e-03 4.167853912804275751e-04 3.784880042076110840e-02 4.614614322781562805e-02
2.654689922928810120e-02 6.965318229049444199e-03 1.545157283544540405e-02 2.629524469375610352e-02
2.937153354287147522e-02 -7.551860529929399490e-03 1.266189850866794586e-02 2.352148294448852539e-02
4.797760769724845886e-02 -2.078430540859699249e-02 3.585763275623321533e-03 7.528352551162242889e-03
5.015031620860099792e-02 1.905365474522113800e-02 3.049527062103152275e-03 6.996434181928634644e-03
5.215654522180557251e-02 6.674197036772966385e-03 3.568321466445922852e-03 7.928777486085891724e-03
4.675827920436859131e-02 -1.896332134492695332e-03 4.992383532226085663e-03 1.138384733349084854e-02
5.147682502865791321e-02 -9.957098402082920074e-03 3.541003447026014328e-03 7.418766152113676071e-03
1.923174946568906307e-03 -3.730041207745671272e-03 3.934135288000106812e-02 4.614179953932762146e-02
6.667850539088249207e-03 -2.535833790898323059e-02 1.677203923463821411e-02 2.796470001339912415e-02
2.096093632280826569e-02 -1.645045354962348938e-02 1.583475060760974884e-02 2.703574858605861664e-02
4.221956431865692139e-02 -3.152822703123092651e-02 3.713994752615690231e-03 8.066441863775253296e-03
9.169976226985454559e-03 -5.171804502606391907e-02 3.799784462898969650e-03 8.914735168218612671e-03
1.690435037016868591e-02 -2.932035177946090698e-02 9.558618068695068359e-03 1.962236873805522919e-02
3.302278369665145874e-02 -4.147210344672203064e-02 3.717075800523161888e-03 8.281505666673183441e-03
2.212259918451309204e-02 -4.879746586084365845e-02 3.110782243311405182e-03 6.924511864781379700e-03
-1.575516536831855774e-03 -4.432880319654941559e-03 3.808915242552757263e-02 4.676692932844161987e-02
-5.797980818897485733e-03 -2.976780571043491364e-02 1.255657710134983063e-02 2.301646582782268524e-02
-1.244655996561050415e-02 -2.609139494597911835e-02 1.469984930008649826e-02 2.484277077019214630e-02
-1.717432460281997919e-04 -5.259349569678306580e-02 2.951407572254538536e-03 5.917114671319723129e-03
-9.720460511744022369e-03 -5.238232389092445374e-02 3.025760175660252571e-03 6.326764822006225586e-03
-1.890435442328453064e-02 -4.946392402052879333e-02 3.087713848799467087e-03 6.078713107854127884e-03
-2.717206999659538269e-02 -4.583126679062843323e-02 2.795647596940398216e-03 5.614947993308305740e-03
-3.469439968466758728e-02 -4.062567278742790222e-02 2.979484619572758675e-03 5.593624897301197052e-03
-8.351013995707035065e-03 -3.618411486968398094e-03 3.331882134079933167e-02 4.298032820224761963e-02
-2.105583064258098602e-02 -2.908867970108985901e-02 7.489140611141920090e-03 1.840787753462791443e-02
-3.477329015731811523e-02 -7.670280523598194122e-03 9.015248157083988190e-03 1.950092986226081848e-02
-3.560269996523857117e-02 5.584707017987966537e-03 8.489483036100864410e-03 1.891707628965377808e-02
-2.462610043585300446e-02 -1.485072914510965347e-02 1.361801475286483765e-02 2.407936751842498779e-02
-4.571865871548652649e-02 -2.566570229828357697e-02 3.483005333691835403e-03 7.980136200785636902e-03
-4.840540140867233276e-02 -1.737925037741661072e-02 2.429913263767957687e-03 4.871914628893136978e-03
-3.714691475033760071e-02 -3.706128895282745361e-02 3.740196581929922104e-03 8.848889730870723724e-03
