7.954501546919345856e-03 4.953201394528150558e-03 -1.927665900439023972e-03 3.291710838675498962e-02
1.933522149920463562e-02 2.360677532851696014e-02 -1.829893328249454498e-02 1.569890230894088745e-02
2.809077315032482147e-02 2.568710595369338989e-02 -5.470461677759885788e-03 1.308344025164842606e-02
1.786527782678604126e-02 -6.874881219118833542e-03 -1.065096724778413773e-02 2.205784246325492859e-02
2.524890191853046417e-02 2.292795479297637939e-02 5.161144305020570755e-03 1.737892068922519684e-02
3.349842876195907593e-02 -2.476554922759532928e-02 -1.352874655276536942e-02 7.504459004849195480e-03
2.851659245789051056e-02 -2.649392746388912201e-02 -2.250164560973644257e-02 7.403120864182710648e-03
2.650455571711063385e-02 2.672975324094295502e-02 -1.361837610602378845e-02 1.172721758484840393e-02
7.515907753258943558e-03 3.558294149115681648e-03 5.629925522953271866e-03 3.158918395638465881e-02
1.397883752360939980e-04 1.447287068003788590e-04 2.174770273268222809e-02 2.668569795787334442e-02
-4.639327060431241989e-03 -1.869114115834236145e-02 3.026803955435752869e-02 1.585824787616729736e-02
9.225171990692615509e-03 -2.473431825637817383e-02 3.427930548787117004e-02 8.941329084336757660e-03
1.688895747065544128e-02 -1.750712096691131592e-02 2.444628253579139709e-02 1.604544371366500854e-02
1.862394250929355621e-02 2.342774346470832825e-02 1.858951896429061890e-02 1.913048140704631805e-02
2.378427423536777496e-03 1.907997019588947296e-02 2.279164455831050873e-02 2.289393171668052673e-02
-1.354315318167209625e-02 2.463285252451896667e-02 2.364914864301681519e-02 1.795363239943981171e-02
-1.433709403499960899e-03 4.767787177115678787e-03 -4.310476593673229218e-03 3.507934138178825378e-02
-6.675267592072486877e-03 9.423139505088329315e-03 1.047060918062925339e-02 3.012003377079963684e-02
-1.257529575377702713e-02 1.001045946031808853e-02 -4.989349283277988434e-03 2.666224725544452667e-02
-1.844402961432933807e-02 2.288171648979187012e-02 -1.805265247821807861e-02 1.750582084059715271e-02
-2.756138890981674194e-02 2.733455039560794830e-02 -1.298236660659313202e-02 1.184630207717418671e-02
-2.153946645557880402e-02 2.644257247447967529e-02 2.003862708806991577e-02 1.255041174590587616e-02
-2.585343271493911743e-02 2.461525052785873413e-02 1.080059260129928589e-02 1.457450259476900101e-02
-2.935221977531909943e-02 2.674696594476699829e-02 -2.566051553003489971e-04 1.306919474154710770e-02
-1.417932217009365559e-04 7.397893932648003101e-05 -2.024759538471698761e-02 2.887872792780399323e-02
2.049325406551361084e-02 -2.030869759619235992e-02 -2.373728901147842407e-02 1.260621566325426102e-02
-9.516686201095581055e-03 2.201357483863830566e-02 -2.293603494763374329e-02 2.048875950276851654e-02
6.688334979116916656e-03 1.841463148593902588e-02 -2.042909525334835052e-02 2.460893616080284119e-02
-1.436009537428617477e-02 -2.676967903971672058e-02 -3.300438076257705688e-02 8.435924537479877472e-03
2.873347257263958454e-04 -2.147996053099632263e-02 -3.259731456637382507e-02 1.243365462869405746e-02
1.413975935429334641e-02 -2.696203626692295074e-02 -3.308758512139320374e-02 7.987285964190959930e-03
-1.107335483538918197e-04 3.710022661834955215e-03 1.240852009505033493e-02 3.405336663126945496e-02
-4.509765654802322388e-03 -6.819027941673994064e-03 2.285867370665073395e-02 2.527636103332042694e-02
-3.179198130965232849e-02 -2.166758105158805847e-02 5.335344467312097549e-03 1.268237456679344177e-02
-7.776674348860979080e-03 4.784690216183662415e-03 3.122641937807202339e-03 3.718668222427368164e-02
-2.212905883789062500e-02 -1.880634948611259460e-02 2.123322710394859314e-02 1.457173284143209457e-02
-1.539864391088485718e-02 -2.051021903753280640e-02 2.748541533946990967e-02 1.259069610387086868e-02
-3.153993189334869385e-02 -2.622618153691291809e-02 1.796383783221244812e-02 6.547029595822095871e-03
-1.005285512655973434e-02 1.558760763145983219e-03 -6.455912720412015915e-03 2.937580831348896027e-02
-1.507428195327520370e-02 -1.486302074044942856e-02 -2.329363487660884857e-02 1.418514735996723175e-02
-2.809893898665904999e-02 -1.519720535725355148e-02 -2.311890246346592903e-03 1.529633719474077225e-02
-2.227008715271949768e-02 -1.394032314419746399e-02 -1.601873897016048431e-02 1.452863682061433792e-02
-2.313897758722305298e-02 -2.625494822859764099e-02 -2.783369459211826324e-02 6.155720911920070648e-03
-2.948917634785175323e-02 -2.624205499887466431e-02 -2.137478627264499664e-02 6.090420763939619064e-03
-3.335729241371154785e-02 -2.592631615698337555e-02 -1.446957793086767197e-02 5.971656646579504013e-03
-3.557921200990676880e-02 -2.619282715022563934e-02 -6.251699291169643402e-03 6.435804534703493118e-03
1.514665503054857254e-02 -2.458511153236031532e-03 2.203757409006357193e-03 2.549931220710277557e-02
2.293304912745952606e-02 -1.400642655789852142e-02 1.554593816399574280e-02 1.511161215603351593e-02
2.630184218287467957e-02 -1.398713327944278717e-02 -6.472071167081594467e-03 1.451007742434740067e-02
2.871545217931270599e-02 -1.598492078483104706e-02 5.048273596912622452e-03 1.159687712788581848e-02
3.320604935288429260e-02 -2.586189284920692444e-02 1.465281844139099121e-02 6.376457866281270981e-03
3.534812107682228088e-02 -2.589870803058147430e-02 7.557960227131843567e-03 6.138082128018140793e-03
3.519087284803390503e-02 -2.588296681642532349e-02 -7.601897697895765305e-03 6.442669779062271118e-03
3.581352904438972473e-02 -2.591331861913204193e-02 -2.245546784251928329e-05 6.319196894764900208e-03
2.612135931849479675e-02 -2.087426371872425079e-02 2.185419201850891113e-02 5.875900853425264359e-03
2.560313791036605835e-02 -2.319520898163318634e-02 2.495239675045013428e-02 3.758355742320418358e-03
3.063762746751308441e-02 -2.925489470362663269e-02 2.148739807307720184e-02 2.250181976705789566e-03
2.843409217894077301e-02 -2.619033493101596832e-02 2.413599193096160889e-02 1.761837862432003021e-03
3.057121858000755310e-02 -2.595444768667221069e-02 2.105493471026420593e-02 2.588349627330899239e-03
2.556250058114528656e-02 -2.944850549101829529e-02 2.711801044642925262e-02 2.193104242905974388e-03
2.817097119987010956e-02 -2.875850908458232880e-02 2.444653399288654327e-02 2.131488407030701637e-03
2.534574456512928009e-02 -2.659179829061031342e-02 2.717213891446590424e-02 2.490154234692454338e-03
