1.869478292064741254e-04 1.006900146603584290e-01 -6.893532350659370422e-03 5.500709265470504761e-02
-2.345513552427291870e-02 1.239551082253456116e-01 -1.548315305262804031e-02 3.330881521105766296e-02
8.652699179947376251e-03 1.305184811353683472e-01 3.279306367039680481e-02 2.647118642926216125e-02
2.639659307897090912e-02 1.253491789102554321e-01 1.302834879606962204e-02 3.226264193654060364e-02
-1.523199677467346191e-02 1.320685297250747681e-01 3.162911534309387207e-02 2.203376404941082001e-02
-2.750562503933906555e-03 1.263604164123535156e-01 -2.923499234020709991e-02 3.318553045392036438e-02
2.412285096943378448e-02 1.259852498769760132e-01 -1.748753525316715240e-02 3.348907455801963806e-02
-2.821978554129600525e-02 1.262262016534805298e-01 9.498902596533298492e-03 3.245181217789649963e-02
-7.755383383482694626e-03 1.027208790183067322e-01 1.255052350461483002e-02 4.198896512389183044e-02
1.918272674083709717e-02 8.772934973239898682e-02 2.110173925757408142e-02 2.994224615395069122e-02
-1.808895170688629150e-02 7.175008952617645264e-02 3.445807844400405884e-02 2.142187394201755524e-02
3.116918355226516724e-02 3.646094352006912231e-02 4.436402767896652222e-02 2.161072753369808197e-02
2.385140210390090942e-02 5.770263075828552246e-02 4.059990867972373962e-02 1.820454560220241547e-02
3.453178331255912781e-03 6.909363716840744019e-02 3.893164545297622681e-02 1.426840852946043015e-02
-4.009832162410020828e-03 4.079836979508399963e-02 4.644852876663208008e-02 2.362528257071971893e-02
-3.370117023587226868e-02 4.141344502568244934e-02 4.261907190084457397e-02 2.116511948406696320e-02
5.846898420713841915e-04 9.791699796915054321e-02 -1.235738117247819901e-02 4.605555161833763123e-02
2.469216659665107727e-02 6.736049801111221313e-02 -3.642199188470840454e-02 1.386658102273941040e-02
-1.844989508390426636e-02 5.953338742256164551e-02 -3.553284332156181335e-02 2.595470659434795380e-02
-2.650528028607368469e-02 2.591405436396598816e-02 -4.208916425704956055e-02 2.951106615364551544e-02
1.868870574980974197e-03 3.078596293926239014e-02 -4.234074801206588745e-02 2.716583758592605591e-02
3.164899721741676331e-02 1.953936368227005005e-02 -4.188491031527519226e-02 2.552621439099311829e-02
2.779680117964744568e-02 4.129118472337722778e-02 -4.221099615097045898e-02 2.289751917123794556e-02
7.366702193394303322e-04 6.278634816408157349e-02 -3.654048964381217957e-02 2.349513210356235504e-02
-1.568132266402244568e-02 2.700600586831569672e-02 4.712373390793800354e-02 2.263978682458400726e-02
-3.840847685933113098e-02 2.256450802087783813e-02 4.524744302034378052e-02 2.138795331120491028e-02
-4.081683605909347534e-02 2.749085659161210060e-03 4.641316086053848267e-02 2.294788323342800140e-02
-9.473335929214954376e-03 6.353484001010656357e-03 4.790445044636726379e-02 2.180986665189266205e-02
-1.381322648376226425e-02 -1.480451971292495728e-02 4.765159264206886292e-02 2.263653837144374847e-02
-3.956068679690361023e-02 -1.904648914933204651e-02 4.506105184555053711e-02 2.110488340258598328e-02
-2.487564086914062500e-02 -3.826494887471199036e-02 4.424435272812843323e-02 2.048765681684017181e-02
3.376661241054534912e-02 3.453570976853370667e-02 4.432433098554611206e-02 1.744288019835948944e-02
1.527972705662250519e-02 2.512797340750694275e-02 4.724861681461334229e-02 2.283544093370437622e-02
4.154554381966590881e-02 1.747908815741539001e-02 4.487509652972221375e-02 2.070618607103824615e-02
4.383778944611549377e-02 -3.812030772678554058e-04 4.536432772874832153e-02 2.060728706419467926e-02
1.476906612515449524e-02 1.843699719756841660e-03 4.775609821081161499e-02 2.306049689650535583e-02
1.680257730185985565e-02 -1.603088341653347015e-02 4.757590591907501221e-02 2.252250723540782928e-02
2.698068320751190186e-02 -3.614654392004013062e-02 4.482458904385566711e-02 2.101724781095981598e-02
4.100810363888740540e-02 -2.053463645279407501e-02 4.401058703660964966e-02 2.030436508357524872e-02
1.717248000204563141e-02 -3.657716140151023865e-02 4.626728221774101257e-02 1.788176223635673523e-02
1.297008432447910309e-02 -4.709730297327041626e-02 4.115446656942367554e-02 1.307686325162649155e-02
2.093694871291518211e-03 -2.840629220008850098e-02 4.718737676739692688e-02 1.731477864086627960e-02
-1.170209888368844986e-02 -3.632970899343490601e-02 4.655963182449340820e-02 1.744233444333076477e-02
3.027839586138725281e-03 -4.240280762314796448e-02 4.606178402900695801e-02 1.557522639632225037e-02
-9.722901508212089539e-03 -4.670107737183570862e-02 4.240516200661659241e-02 1.412746589630842209e-02
1.072136219590902328e-03 -5.000958219170570374e-02 3.966195136308670044e-02 1.142556313425302505e-02
-1.860094629228115082e-02 -5.340524017810821533e-02 -5.129143595695495605e-02 3.146632516290992498e-04
9.997710585594177246e-03 -3.447503596544265747e-02 -4.205391183495521545e-02 2.714434638619422913e-02
-1.471299678087234497e-02 -3.323803097009658813e-02 -4.204144701361656189e-02 2.708710543811321259e-02
3.058366477489471436e-02 -2.089755237102508545e-02 -4.204318672418594360e-02 2.674009650945663452e-02
-3.477561846375465393e-02 -1.573397777974605560e-02 -4.200893267989158630e-02 2.660346962511539459e-02
1.311177667230367661e-02 7.788166403770446777e-04 -4.316338524222373962e-02 2.689003199338912964e-02
-5.854986142367124557e-03 9.469575888942927122e-05 -4.323353245854377747e-02 2.854485623538494110e-02
-3.351308777928352356e-02 8.089846931397914886e-03 -4.213801771402359009e-02 2.678992226719856262e-02
3.712494671344757080e-02 4.177440423518419266e-03 -4.209253564476966858e-02 2.615580707788467407e-02
