6.781391799449920654e-03 -9.014301747083663940e-02 1.302901189774274826e-02 4.162351787090301514e-02
2.138910628855228424e-02 -8.523740619421005249e-02 1.022638939321041107e-02 4.746268317103385925e-02
2.140448777936398983e-04 -9.356842190027236938e-02 -7.942846976220607758e-03 3.800545632839202881e-02
1.563351601362228394e-02 -9.300619363784790039e-02 -1.822623424232006073e-02 3.767816349864006042e-02
3.034168481826782227e-02 -8.948903530836105347e-02 -9.106232784688472748e-03 4.267466068267822266e-02
2.302618138492107391e-02 -5.669358000159263611e-02 -3.143863379955291748e-02 2.731348946690559387e-02
-8.778187911957502365e-04 -7.267102599143981934e-02 -2.260533906519412994e-02 2.687986753880977631e-02
3.280166536569595337e-02 -9.054058790206909180e-02 5.029882304370403290e-03 4.103670269250869751e-02
-2.480788901448249817e-02 -3.657614812254905701e-02 -4.019261151552200317e-02 1.157388091087341309e-02
-2.354633435606956482e-02 -4.638547077775001526e-02 -3.755151480436325073e-02 9.958362206816673279e-03
-1.853722147643566132e-02 -3.219757601618766785e-02 -4.266508668661117554e-02 1.430442649871110916e-02
-3.495710552670061588e-04 -4.021030291914939880e-02 -4.208019003272056580e-02 1.468002982437610626e-02
-4.852643236517906189e-03 -5.349595099687576294e-02 -3.744450956583023071e-02 1.290948875248432159e-02
-1.525920536369085312e-02 -5.590900033712387085e-02 -3.500560298562049866e-02 1.014404185116291046e-02
-8.024659007787704468e-03 -3.232626989483833313e-02 -4.297980666160583496e-02 1.507290359586477280e-02
-1.428770273923873901e-02 -4.152289032936096191e-02 -4.077160730957984924e-02 1.279650069773197174e-02
1.134717278182506561e-02 -8.013543486595153809e-02 1.377361640334129333e-02 3.770906105637550354e-02
-3.468360984697937965e-03 -5.198840424418449402e-02 3.347840905189514160e-02 2.278874628245830536e-02
2.706419304013252258e-02 -5.779640004038810730e-02 2.983676828444004059e-02 2.301068976521492004e-02
2.419335022568702698e-02 -2.727319300174713135e-02 3.946892172098159790e-02 2.741557918488979340e-02
3.375744819641113281e-02 -2.337437908863648772e-04 3.962500020861625671e-02 2.457878179848194122e-02
2.801442518830299377e-03 3.987667616456747055e-03 4.073508828878402710e-02 2.816626988351345062e-02
-1.445406302809715271e-02 -3.234006837010383606e-02 3.951994329690933228e-02 2.695273607969284058e-02
-2.688132226467132568e-02 -9.504818357527256012e-03 4.002453386783599854e-02 2.758702076971530914e-02
9.856307879090309143e-03 3.370990976691246033e-02 3.982077911496162415e-02 1.666377671062946320e-02
1.889695413410663605e-02 2.945000492036342621e-02 3.974385187029838562e-02 1.719036512076854706e-02
8.273354731500148773e-03 2.928490936756134033e-02 3.978352621197700500e-02 1.729216799139976501e-02
1.203480921685695648e-02 3.615116700530052185e-02 3.637307509779930115e-02 1.441902760416269302e-02
1.714877225458621979e-02 3.560329973697662354e-02 3.434245288372039795e-02 1.197113841772079468e-02
1.988290250301361084e-02 3.234124556183815002e-02 3.647543117403984070e-02 1.423266157507896423e-02
1.323838438838720322e-02 2.688138931989669800e-02 3.983434289693832397e-02 1.740090548992156982e-02
1.706226356327533722e-02 3.776225820183753967e-02 5.319220200181007385e-02 1.546947518363595009e-03
1.700592599809169769e-02 3.043882548809051514e-02 3.945003077387809753e-02 2.364699915051460266e-02
2.914399839937686920e-02 1.537804678082466125e-02 3.960875421762466431e-02 2.421766333281993866e-02
-5.090154241770505905e-03 3.551813587546348572e-02 3.812676295638084412e-02 2.232726290822029114e-02
-5.289150867611169815e-03 1.086594630032777786e-02 4.056505113840103149e-02 2.421923354268074036e-02
3.462189063429832458e-02 -1.972557744011282921e-03 3.956612572073936462e-02 2.201464027166366577e-02
-2.615463919937610626e-02 2.547365427017211914e-02 3.803250938653945923e-02 2.198472619056701660e-02
-3.506238758563995361e-02 3.686487441882491112e-03 3.867257386445999146e-02 2.313062921166419983e-02
-3.124800883233547211e-02 -1.553630549460649490e-02 3.918680548667907715e-02 2.319793403148651123e-02
-2.941730991005897522e-02 -3.169786557555198669e-02 -4.016605019569396973e-02 1.645301654934883118e-02
-1.395041029900312424e-02 -1.901290193200111389e-02 -4.352878406643867493e-02 1.943104527890682220e-02
-3.547351434826850891e-02 -1.527294330298900604e-02 -4.134481772780418396e-02 1.744623109698295593e-02
-1.475592330098152161e-02 -2.711071865633130074e-03 -4.384705424308776855e-02 2.014911733567714691e-02
-2.553614601492881775e-02 1.167633756995201111e-02 -4.333718493580818176e-02 1.781875267624855042e-02
-3.105667047202587128e-02 2.396714501082897186e-02 -4.110823571681976318e-02 1.702825166285037994e-02
-3.890261054039001465e-02 -1.149153918959200382e-03 -4.139932245016098022e-02 1.753909885883331299e-02
-3.932530805468559265e-02 1.290881074965000153e-02 -3.928035870194435120e-02 1.499737240374088287e-02
-2.107195556163787842e-02 2.644025348126888275e-02 -4.301257431507110596e-02 1.737035065889358521e-02
-7.809739909134805202e-04 1.421471871435642242e-02 -4.388333857059478760e-02 1.986424252390861511e-02
2.907836437225341797e-02 2.508125267922878265e-02 -4.205451905727386475e-02 1.742086745798587799e-02
1.402884628623723984e-02 1.736292056739330292e-02 -4.361481592059135437e-02 1.636279188096523285e-02
-7.703993469476699829e-03 3.805958107113838196e-02 -4.168444871902465820e-02 1.848195120692253113e-02
-2.277201414108276367e-02 3.695113211870193481e-02 -3.760484233498573303e-02 1.337900944054126740e-02
8.674917742609977722e-03 3.794887661933898926e-02 -4.188969731330871582e-02 1.908442005515098572e-02
2.137634716928005219e-02 3.424310684204101562e-02 -4.115432500839233398e-02 1.583247072994709015e-02
1.537763793021440506e-02 -4.343764483928680420e-02 -4.075559601187705994e-02 1.674715802073478699e-02
6.426962558180093765e-03 -2.454362995922565460e-02 -4.346944764256477356e-02 2.012479677796363831e-02
1.307998131960630417e-02 -4.473470151424407959e-03 -4.386872053146362305e-02 2.099897898733615875e-02
3.216544911265373230e-02 1.541991252452135086e-02 -4.285705834627151489e-02 1.972590759396553040e-02
3.162567690014839172e-02 -2.528261579573154449e-02 -4.199899360537528992e-02 1.945168152451515198e-02
3.677362203598022461e-02 -4.707308486104011536e-02 -3.465579450130462646e-02 1.489022932946681976e-02
3.788616135716438293e-02 -1.408293563872575760e-02 -4.103833064436912537e-02 1.734036765992641449e-02
3.726118803024291992e-02 2.726543927565217018e-03 -4.260592535138130188e-02 1.869795657694339752e-02
