-1.174065563827753067e-02 4.681094735860824585e-02 1.321099046617746353e-02 1.235754135996103287e-02
-1.879871822893619537e-02 4.691993445158004761e-02 1.700423308648169041e-03 1.173495035618543625e-02
4.773741587996482849e-03 4.664980247616767883e-02 1.585897058248519897e-02 1.365117542445659637e-02
-1.061790040694177151e-03 5.159969627857208252e-02 8.853530744090676308e-05 1.237222924828529358e-02
-1.658029295504093170e-02 4.790231958031654358e-02 -9.784127585589885712e-03 1.377754379063844681e-02
3.285787999629974365e-03 4.893913492560386658e-02 -1.602357439696788788e-02 1.505094487220048904e-02
1.875202544033527374e-02 4.705696180462837219e-02 -5.379075184464454651e-03 1.355439051985740662e-02
1.507059112191200256e-02 4.724486172199249268e-02 7.639117073267698288e-03 1.298424322158098221e-02
-1.650997623801231384e-02 -4.718112573027610779e-02 -8.903344161808490753e-03 1.340902503579854965e-02
1.452667522244155407e-03 -5.176541581749916077e-02 -4.055723547935485840e-03 1.265697553753852844e-02
1.683550700545310974e-02 -4.732450097799301147e-02 -1.108328904956579208e-02 1.386418659240007401e-02
1.847768202424049377e-02 -4.612379893660545349e-02 3.263650927692651749e-03 1.224270649254322052e-02
2.258224878460168839e-03 -5.049259215593338013e-02 7.827589288353919983e-03 1.143974252045154572e-02
-1.722682453691959381e-02 -4.656061902642250061e-02 5.669271107763051987e-03 1.343191415071487427e-02
-5.836336407810449600e-03 -4.597403854131698608e-02 1.571714505553245544e-02 1.253197435289621353e-02
8.373129181563854218e-03 -4.619266465306282043e-02 1.443629525601863861e-02 1.277872640639543533e-02
-1.880985312163829803e-02 -3.490841761231422424e-02 -7.445941120386123657e-02 2.692915871739387512e-02
3.993962891399860382e-03 -1.580932550132274628e-02 -1.054916083812713623e-01 4.590245336294174194e-02
-4.321868065744638443e-03 -1.607584021985530853e-02 -1.056895181536674500e-01 4.592673853039741516e-02
-2.297679148614406586e-02 -1.683887094259262085e-02 -8.162692189216613770e-02 2.552011981606483459e-02
2.543258294463157654e-02 -9.369988925755023956e-03 -7.995978742837905884e-02 2.380850166082382202e-02
1.733091101050376892e-02 -3.172500059008598328e-02 -7.852200418710708618e-02 2.828163094818592072e-02
1.290599349886178970e-03 -3.547081351280212402e-02 -7.483416050672531128e-02 2.278659120202064514e-02
2.123575843870639801e-02 -4.330131784081459045e-02 -5.877116322517395020e-02 1.431823056191205978e-02
1.153928693383932114e-02 -4.757707566022872925e-02 -3.844470903277397156e-02 1.403138320893049240e-02
8.750900160521268845e-04 -4.385194927453994751e-02 -5.934758484363555908e-02 1.791460812091827393e-02
8.311166428029537201e-03 -4.824713617563247681e-02 -2.446062676608562469e-02 1.541267894208431244e-02
-1.065093185752630234e-02 -4.795828461647033691e-02 -1.994868554174900055e-02 1.468834374099969864e-02
-1.844051480293273926e-02 -4.444473981857299805e-02 -5.635717883706092834e-02 1.603624783456325531e-02
-2.301075262948870659e-03 -3.019554913043975830e-02 -8.076953887939453125e-02 3.045108728110790253e-02
1.165275927633047104e-02 -4.586917534470558167e-02 -5.096999183297157288e-02 1.643334701657295227e-02
-1.102279406040906906e-02 -4.772996157407760620e-02 -3.878957405686378479e-02 1.469601783901453018e-02
2.883624692913144827e-04 2.340137492865324020e-03 -1.469711512327194214e-01 4.773116856813430786e-02
3.695379200507886708e-05 1.127386186271905899e-02 -1.148140504956245422e-01 4.974513500928878784e-02
6.945800967514514923e-03 3.008411964401602745e-03 -9.891428053379058838e-02 3.967107087373733521e-02
-4.154426278546452522e-04 1.053804252296686172e-02 -1.287538409233093262e-01 4.808785021305084229e-02
-1.006987877190113068e-04 -1.017496082931756973e-02 -1.295920312404632568e-01 4.849826917052268982e-02
2.060032420558854938e-05 -1.157279592007398605e-02 -1.165224090218544006e-01 4.925160482525825500e-02
-7.505960820708423853e-05 -1.178946159780025482e-02 -1.072843819856643677e-01 4.856289178133010864e-02
2.767160185612738132e-04 -7.753293029963970184e-04 -1.455000042915344238e-01 5.168499797582626343e-02
-1.436583790928125381e-02 -1.869429089128971100e-02 -1.789896190166473389e-01 2.748248167335987091e-02
5.057320930063724518e-03 -1.787316799163818359e-02 -1.727901846170425415e-01 3.408743441104888916e-02
1.884330064058303833e-02 -7.015925366431474686e-03 -1.762326061725616455e-01 3.073673881590366364e-02
-1.778223551809787750e-02 -6.575261359103024006e-04 -1.750718653202056885e-01 3.164946287870407104e-02
-1.702456548810005188e-02 1.719730719923973083e-02 -1.799628287553787231e-01 2.631543204188346863e-02
4.473520908504724503e-03 2.311634272336959839e-02 -1.788034737110137939e-01 2.855922468006610870e-02
1.519163977354764938e-02 8.102438412606716156e-03 -1.725741475820541382e-01 3.454358875751495361e-02
4.236681852489709854e-04 3.016429021954536438e-02 -8.065076917409896851e-02 3.118703141808509827e-02
1.879545114934444427e-02 4.445550963282585144e-02 -5.661530047655105591e-02 1.596969366073608398e-02
-1.606676168739795685e-02 4.462016001343727112e-02 -5.501286312937736511e-02 1.692434959113597870e-02
2.632043615449219942e-04 4.584211483597755432e-02 -5.385750904679298401e-02 1.612679846584796906e-02
1.174504961818456650e-02 4.794695228338241577e-02 -3.663605451583862305e-02 1.446920540183782578e-02
-1.038660854101181030e-02 4.788856208324432373e-02 -3.773679956793785095e-02 1.447024196386337280e-02
1.177708618342876434e-02 4.820267111063003540e-02 -2.146479114890098572e-02 1.400795578956604004e-02
-9.385880082845687866e-03 4.845791682600975037e-02 -2.698218077421188354e-02 1.514505594968795776e-02
-8.077209349721670151e-05 1.148799806833267212e-02 -1.068265140056610107e-01 5.067431554198265076e-02
-1.923780329525470734e-02 6.052967626601457596e-03 -8.655158430337905884e-02 3.273584321141242981e-02
-1.912816055119037628e-02 2.879586443305015564e-02 -7.958250492811203003e-02 2.782413922250270844e-02
2.249898388981819153e-02 1.257022563368082047e-02 -8.270266652107238770e-02 2.780839242041110992e-02
1.093418523669242859e-02 2.304692566394805908e-02 -9.307450056076049805e-02 3.476243466138839722e-02
-9.026540443301200867e-03 2.550958469510078430e-02 -8.779913187026977539e-02 3.625056520104408264e-02
-1.969357766211032867e-02 4.102171212434768677e-02 -6.325131654739379883e-02 1.869220100343227386e-02
1.933469995856285095e-02 3.626495227217674255e-02 -7.273270934820175171e-02 2.388186194002628326e-02
