-2.836706303060054779e-02 -1.618578098714351654e-02 -7.757540792226791382e-02 2.274606004357337952e-02
-1.615761592984199524e-02 3.734472440555691719e-03 -6.215652450919151306e-02 2.896091714501380920e-02
-1.448952034115791321e-02 2.777453698217868805e-02 -7.628454267978668213e-02 2.300470508635044098e-02
-1.485746540129184723e-02 -1.240861020050942898e-03 -3.706990554928779602e-02 3.662895783782005310e-02
-2.309453673660755157e-02 -1.660463167354464531e-03 -6.716968864202499390e-02 2.357891201972961426e-02
-2.828137576580047607e-02 1.738445274531841278e-02 -7.797816395759582520e-02 2.021698839962482452e-02
-3.189264610409736633e-02 2.034209854900836945e-02 -3.681644052267074585e-02 1.504630688577890396e-02
-3.392149135470390320e-02 3.325492143630981445e-03 -7.890634238719940186e-02 2.007937803864479065e-02
1.358749717473983765e-02 -1.298625953495502472e-03 -4.796398803591728210e-02 3.527819737792015076e-02
-3.541705664247274399e-03 5.830190144479274750e-03 -6.091775745153427124e-02 2.982604503631591797e-02
-2.759716007858514786e-03 3.072508797049522400e-02 -7.616100460290908813e-02 2.322785928845405579e-02
1.255285646766424179e-02 2.901027165353298187e-02 -7.785978913307189941e-02 2.148765884339809418e-02
3.198569640517234802e-02 2.334893122315406799e-02 -3.975687921047210693e-02 1.054671872407197952e-02
2.915533259510993958e-02 1.093837711960077286e-02 -7.634738832712173462e-02 2.132376469671726227e-02
3.432907909154891968e-02 1.003332552500069141e-03 -7.875865697860717773e-02 1.955879293382167816e-02
2.416742406785488129e-02 2.073754742741584778e-02 -7.727289199829101562e-02 2.106926590204238892e-02
-5.874955561012029648e-03 -3.034896962344646454e-02 -7.650610059499740601e-02 2.258422784507274628e-02
-1.797571219503879547e-02 -2.472725883126258850e-02 -7.603151351213455200e-02 2.394332364201545715e-02
1.283414848148822784e-02 1.070703496225178242e-03 -5.932071432471275330e-02 3.600586578249931335e-02
2.685166895389556885e-02 -1.369965355843305588e-02 -7.598895579576492310e-02 2.546328492462635040e-02
1.171973627060651779e-02 -2.856287173926830292e-02 -7.785981148481369019e-02 2.317723073065280914e-02
1.450172625482082367e-03 -4.019535146653652191e-03 -3.232181072235107422e-02 2.797945402562618256e-02
-7.893405854701995850e-03 -4.258330445736646652e-03 -5.801475793123245239e-02 3.648763895034790039e-02
2.030588127672672272e-02 -7.183609530329704285e-03 -4.177094250917434692e-02 2.910351939499378204e-02
4.370201006531715393e-02 2.317041158676147461e-02 -2.167709730565547943e-02 1.346378587186336517e-02
4.442443698644638062e-02 -2.126748673617839813e-02 -1.280280854552984238e-02 1.710837706923484802e-02
4.091230779886245728e-02 1.319254841655492783e-02 9.675208479166030884e-03 2.290490642189979553e-02
3.592899814248085022e-02 -1.183192059397697449e-02 8.637480437755584717e-03 2.835852280259132385e-02
1.249730773270130157e-02 -4.003181122243404388e-03 -5.566753912717103958e-03 3.404844924807548523e-02
2.430619858205318451e-02 -5.256538279354572296e-03 -2.473562769591808319e-02 3.459799662232398987e-02
4.534700140357017517e-02 1.698450185358524323e-02 -3.410207340493798256e-03 1.898051984608173370e-02
3.322239220142364502e-02 2.011652849614620209e-02 -3.548619151115417480e-02 1.414729375392198563e-02
-7.590988185256719589e-03 -3.995927982032299042e-03 -9.873240254819393158e-03 3.329008817672729492e-02
-2.209986001253128052e-02 -2.069506328552961349e-03 -3.007675707340240479e-02 3.410252556204795837e-02
-3.137877210974693298e-02 -6.605264730751514435e-03 4.329449962824583054e-03 3.310989588499069214e-02
-4.632026329636573792e-02 2.115213125944137573e-02 1.812945352867245674e-03 1.549626793712377548e-02
-4.424978420138359070e-02 1.961883343756198883e-02 -1.648061163723468781e-02 1.579760946333408356e-02
-3.653788194060325623e-02 2.146650291979312897e-02 -3.087249584496021271e-02 1.487281359732151031e-02
-4.016742855310440063e-02 -1.590840518474578857e-02 -1.795868971385061741e-03 2.386800013482570648e-02
-3.411557525396347046e-02 -1.405361015349626541e-02 -2.166491374373435974e-02 2.463635802268981934e-02
-1.970918849110603333e-02 -4.019445739686489105e-03 1.642993651330471039e-02 3.552457317709922791e-02
-4.374475032091140747e-02 2.277932874858379364e-02 1.897068880498409271e-02 1.640533097088336945e-02
-1.338655035942792892e-02 -4.009534604847431183e-03 2.561269514262676239e-02 3.189201280474662781e-02
-2.904961071908473969e-02 2.236551977694034576e-02 3.691355511546134949e-02 1.667078770697116852e-02
-3.801280260086059570e-02 -1.700658909976482391e-02 1.945312321186065674e-02 2.232039347290992737e-02
-1.282885205000638962e-02 1.830084808170795441e-02 4.464484006166458130e-02 1.677424460649490356e-02
-2.447108924388885498e-02 -2.020140364766120911e-02 3.718210011720657349e-02 1.812605187296867371e-02
-1.745361648499965668e-02 -2.472451329231262207e-02 4.615676030516624451e-02 8.879045955836772919e-03
9.738244116306304932e-03 -4.022629931569099426e-03 2.189749479293823242e-02 3.474239632487297058e-02
2.803982608020305634e-02 -7.215042132884263992e-03 1.847471483051776886e-02 3.270211070775985718e-02
-2.692815847694873810e-03 -3.503073239699006081e-03 2.913443744182586670e-02 3.150738030672073364e-02
2.649117447435855865e-02 2.201422117650508881e-02 3.866711258888244629e-02 1.482660509645938873e-02
1.465860381722450256e-02 1.882866397500038147e-02 4.404689371585845947e-02 1.565374620258808136e-02
2.831649268046021461e-03 2.189806289970874786e-02 4.689745977520942688e-02 1.435621827840805054e-02
1.713391626253724098e-03 -1.868424564599990845e-02 4.296891391277313232e-02 2.160412631928920746e-02
2.510849945247173309e-02 -2.080589532852172852e-02 3.759391233325004578e-02 1.880451291799545288e-02
3.107770904898643494e-02 5.214687902480363846e-03 2.333362586796283722e-02 1.903179474174976349e-02
3.630992025136947632e-02 2.591375261545181274e-02 3.378261253237724304e-02 7.593265268951654434e-03
4.169538244605064392e-02 2.561187371611595154e-02 2.759599685668945312e-02 7.983764633536338806e-03
4.463292285799980164e-02 2.519774809479713440e-02 2.258324436843395233e-02 8.322241716086864471e-03
4.085712134838104248e-02 1.394238788634538651e-02 1.936565525829792023e-02 1.138563267886638641e-02
3.467662259936332703e-02 1.584725826978683472e-02 3.092335909605026245e-02 1.157086528837680817e-02
4.068139195442199707e-02 1.609554886817932129e-02 2.371461130678653717e-02 9.356913156807422638e-03
3.837738186120986938e-02 2.711507305502891541e-02 3.386488556861877441e-02 6.142856087535619736e-03
