-2.715410664677619934e-04 -7.170499302446842194e-04 -9.934637695550918579e-02 4.774477332830429077e-02
-9.355012443847954273e-04 -7.446209783665835857e-04 -7.439338415861129761e-02 4.691813886165618896e-02
6.431285757571458817e-03 -3.223207965493202209e-02 -1.303261667490005493e-01 1.917679794132709503e-02
2.416840754449367523e-02 -2.351872995495796204e-02 -1.307468861341476440e-01 2.045524120330810547e-02
-1.604737900197505951e-02 2.780158631503582001e-02 -1.291163116693496704e-01 2.316774986684322357e-02
-1.191756408661603928e-02 -2.720169909298419952e-02 -1.261027753353118896e-01 2.593924291431903839e-02
-2.728259190917015076e-02 9.173909202218055725e-03 -1.259031444787979126e-01 2.689228765666484833e-02
-2.547816559672355652e-02 -1.152703166007995605e-02 -1.251356899738311768e-01 2.715386450290679932e-02
2.808064781129360199e-02 2.407230902463197708e-03 2.120846137404441833e-02 2.975273504853248596e-02
3.953937441110610962e-02 2.610449213534593582e-03 5.946425255388021469e-03 3.561018034815788269e-02
4.849833250045776367e-02 -8.186704479157924652e-03 1.713835261762142181e-02 2.155259810388088226e-02
5.269769951701164246e-02 1.555385254323482513e-02 1.181203871965408325e-02 2.017704956233501434e-02
4.111759737133979797e-02 1.619518175721168518e-02 2.914956025779247284e-02 1.974146254360675812e-02
2.841052785515785217e-02 1.553526334464550018e-02 3.595006093382835388e-02 1.861295849084854126e-02
3.513264656066894531e-02 -1.586846448481082916e-02 3.779950737953186035e-02 1.687426306307315826e-02
5.093086510896682739e-02 -1.842731237411499023e-02 2.868473902344703674e-02 1.244296319782733917e-02
1.578602567315101624e-02 2.311535179615020752e-03 2.163510583341121674e-02 3.103669919073581696e-02
6.917093414813280106e-03 7.750121876597404480e-03 2.774773910641670227e-02 2.829845808446407318e-02
-7.566168904304504395e-03 1.757464930415153503e-02 3.004349209368228912e-02 1.855519786477088928e-02
-1.340647973120212555e-02 -1.750605180859565735e-02 2.846149727702140808e-02 1.534771360456943512e-02
3.631649015005677938e-04 -1.790810376405715942e-02 3.830593451857566833e-02 1.629391312599182129e-02
1.881621405482292175e-02 -1.872167363762855530e-02 4.294058308005332947e-02 1.546488516032695770e-02
1.574774272739887238e-02 1.545125246047973633e-02 3.688389435410499573e-02 2.023357711732387543e-02
2.746744081377983093e-02 -1.524354424327611923e-02 3.978011757135391235e-02 1.646392978727817535e-02
1.569353626109659672e-03 2.246812218800187111e-03 -1.886570011265575886e-03 3.260176628828048706e-02
-1.285076607018709183e-02 4.460765980184078217e-03 -8.694573305547237396e-03 3.175947442650794983e-02
-2.482531964778900146e-02 -1.535674743354320526e-02 -1.116653718054294586e-02 1.586256176233291626e-02
-5.109863355755805969e-03 4.879501182585954666e-03 1.558509189635515213e-02 3.020838648080825806e-02
-1.753471605479717255e-02 1.542939897626638412e-02 1.308632176369428635e-02 2.007292583584785461e-02
-1.761269755661487579e-02 -1.779901422560214996e-02 2.373738028109073639e-02 1.403314713388681412e-02
-2.578978613018989563e-02 -1.756731420755386353e-02 2.959026023745536804e-03 1.279528066515922546e-02
-2.395265921950340271e-02 -1.998007297515869141e-02 1.450819801539182663e-02 1.165115553885698318e-02
8.124689338728785515e-04 -2.557434199843555689e-04 -8.291912078857421875e-02 4.713486507534980774e-02
-2.237490145489573479e-03 -9.262323379516601562e-03 -1.076565608382225037e-01 4.591913893818855286e-02
-1.554185152053833008e-02 1.490194536745548248e-02 -1.192396357655525208e-01 3.498263284564018250e-02
1.955094188451766968e-02 -1.415401324629783630e-02 -1.219126805663108826e-01 3.043688461184501648e-02
1.812927657738327980e-03 2.105833496898412704e-03 -1.004871949553489685e-01 4.534271731972694397e-02
2.284847386181354523e-02 -7.234306540340185165e-04 -1.202481463551521301e-01 3.357052430510520935e-02
2.416204102337360382e-02 1.827763766050338745e-02 -1.273944526910781860e-01 2.541434019804000854e-02
4.542635753750801086e-03 2.987538464367389679e-02 -1.281251758337020874e-01 2.453655563294887543e-02
-1.203297753818333149e-03 9.259164799004793167e-04 -7.421948760747909546e-02 4.529566317796707153e-02
8.188423700630664825e-03 2.420156728476285934e-03 -5.213426426053047180e-02 3.539910539984703064e-02
5.557143595069646835e-03 2.442671917378902435e-03 -2.477225847542285919e-02 3.030831180512905121e-02
-1.697070896625518799e-02 6.697636097669601440e-03 -2.824694290757179260e-02 2.528821118175983429e-02
-1.948291994631290436e-02 -8.722034282982349396e-03 -3.258389234542846680e-02 2.353009395301342010e-02
-9.887291118502616882e-03 8.964179083704948425e-03 -6.341356039047241211e-02 3.470674157142639160e-02
-1.250811666250228882e-02 -1.384278293699026108e-02 -5.843399092555046082e-02 2.926580421626567841e-02
-1.109300553798675537e-02 2.877909690141677856e-03 -4.809437692165374756e-02 3.476756438612937927e-02
1.480237301439046860e-02 9.892691159620881081e-04 -4.434128850698471069e-02 3.393149748444557190e-02
2.792427688837051392e-02 2.410812769085168839e-03 -9.595814161002635956e-03 3.188298642635345459e-02
4.982662200927734375e-02 -6.624463479965925217e-03 -5.852519068866968155e-03 2.172478102147579193e-02
4.037431627511978149e-02 -1.925637386739253998e-02 -3.908381983637809753e-02 1.271160971373319626e-02
3.865081816911697388e-02 1.371058821678161621e-02 -2.959606423974037170e-02 2.240661159157752991e-02
4.463911801576614380e-02 -6.336842663586139679e-03 -1.841012015938758850e-02 2.393319271504878998e-02
4.950304701924324036e-02 1.234404463320970535e-02 -9.676721878349781036e-03 2.292736060917377472e-02
