-1.788355410099029541e-02 2.299345470964908600e-02 -4.211989417672157288e-02 1.042536646127700806e-02
1.558236428536474705e-03 5.489174742251634598e-03 -4.493347555398941040e-02 1.269410643726587296e-02
-6.248204968869686127e-03 1.562317181378602982e-02 -4.472430050373077393e-02 1.275820937007665634e-02
1.085833925753831863e-02 1.569155231118202209e-02 -4.441183432936668396e-02 1.236270740628242493e-02
1.762183010578155518e-02 2.267734147608280182e-02 -4.214547947049140930e-02 1.036339625716209412e-02
7.362167816609144211e-04 2.847735583782196045e-02 -4.262877628207206726e-02 1.091911923140287399e-02
1.022574957460165024e-02 2.887621335685253143e-02 -4.098037257790565491e-02 9.382864460349082947e-03
-9.146738797426223755e-03 2.852336503565311432e-02 -4.127626866102218628e-02 9.190335869789123535e-03
1.055689342319965363e-02 -7.502322643995285034e-02 1.925359107553958893e-02 2.641908451914787292e-02
-1.922088861465454102e-02 -7.684151828289031982e-02 5.405077710747718811e-03 2.604074962437152863e-02
-8.090968243777751923e-03 -7.501508295536041260e-02 -2.065536752343177795e-02 2.752520143985748291e-02
1.492818724364042282e-02 -7.502046227455139160e-02 -1.733395643532276154e-02 2.757978625595569611e-02
-8.612021803855895996e-03 -7.032880932092666626e-02 2.457809261977672577e-02 2.753781713545322418e-02
-1.902128756046295166e-02 -7.521974295377731323e-02 -1.158911734819412231e-02 2.478427439928054810e-02
5.052711814641952515e-03 -6.052243337035179138e-02 2.950179576873779297e-02 2.159260399639606476e-02
2.155466377735137939e-02 -7.676190137863159180e-02 4.586358088999986649e-03 2.627768553793430328e-02
-1.877447240985929966e-03 2.519178949296474457e-02 3.841419145464897156e-02 1.815520226955413818e-02
-2.323804982006549835e-02 -1.050673890858888626e-02 3.835958987474441528e-02 1.764288917183876038e-02
-2.611840516328811646e-02 3.789559472352266312e-03 3.934721276164054871e-02 1.552739925682544708e-02
-8.718295954167842865e-03 6.001618225127458572e-03 3.891204297542572021e-02 1.775496639311313629e-02
-1.573887467384338379e-02 2.043999731540679932e-02 3.804428875446319580e-02 1.703011244535446167e-02
-2.260800451040267944e-02 1.413016766309738159e-02 3.723516315221786499e-02 1.579040475189685822e-02
-2.855662815272808075e-02 2.512136474251747131e-03 3.534137830138206482e-02 1.466742064803838730e-02
-7.696493994444608688e-03 2.791247516870498657e-02 3.496727719902992249e-02 1.364068035036325455e-02
-4.224096424877643585e-03 -1.021660398691892624e-03 -4.493918269872665405e-02 1.088121999055147171e-02
-9.282350540161132812e-03 -1.127356104552745819e-02 -4.482220485806465149e-02 1.335415430366992950e-02
-2.209599502384662628e-02 -1.945265568792819977e-02 -4.213870316743850708e-02 1.017897576093673706e-02
-2.619168162345886230e-02 -1.069644838571548462e-02 -4.243776947259902954e-02 1.104121841490268707e-02
-1.727127283811569214e-02 3.692778525874018669e-03 -4.476424679160118103e-02 1.281331665813922882e-02
-2.899844013154506683e-02 1.170286536216735840e-02 -4.066396877169609070e-02 9.157206863164901733e-03
-2.139617130160331726e-02 1.969821192324161530e-02 -4.200296103954315186e-02 1.064461003988981247e-02
-2.991962619125843048e-02 -4.441432829480618238e-04 -4.163317382335662842e-02 1.013798546046018600e-02
-1.189767353935167193e-04 -2.452685311436653137e-02 -4.348404705524444580e-02 1.280755549669265747e-02
1.394818630069494247e-02 -2.700916118919849396e-02 -4.198046773672103882e-02 1.033643353730440140e-02
1.203834544867277145e-03 -6.849870830774307251e-02 -2.788646332919597626e-02 1.905939355492591858e-02
-1.205379888415336609e-02 -5.774294212460517883e-02 -3.340946137905120850e-02 1.250310521572828293e-02
1.009636651724576950e-02 -5.312382429838180542e-02 -3.619968146085739136e-02 1.110901869833469391e-02
-6.522435229271650314e-03 -4.404520243406295776e-02 -3.935028240084648132e-02 1.127540506422519684e-02
-1.538925617933273315e-02 -2.669484540820121765e-02 -4.179505631327629089e-02 1.175901014357805252e-02
8.369437418878078461e-03 -3.895845264196395874e-02 -4.028601571917533875e-02 8.941483683884143829e-03
7.222981192171573639e-03 2.471221983432769775e-02 3.832196071743965149e-02 1.712739653885364532e-02
9.111869148910045624e-03 1.282783132046461105e-02 3.873714059591293335e-02 1.569678634405136108e-02
1.073754858225584030e-02 1.115872757509350777e-03 3.888340294361114502e-02 1.769452169537544250e-02
2.598770149052143097e-02 -5.537490826100111008e-03 3.716045245528221130e-02 1.602079533040523529e-02
2.471544593572616577e-02 1.009365823119878769e-02 3.738224506378173828e-02 1.660000160336494446e-02
1.853874325752258301e-02 1.980806142091751099e-02 3.694208711385726929e-02 1.639018952846527100e-02
2.609467692673206329e-02 2.120848745107650757e-03 3.753814846277236938e-02 1.599606312811374664e-02
2.250009030103683472e-02 -1.318608410656452179e-02 3.749614581465721130e-02 1.658444479107856750e-02
-1.819879561662673950e-02 -1.776623353362083435e-02 3.840823471546173096e-02 1.774848997592926025e-02
-2.443364588543772697e-03 -1.136367488652467728e-02 3.882396221160888672e-02 1.814058795571327209e-02
-7.245712913572788239e-03 -3.008540906012058258e-02 3.790359571576118469e-02 1.673763804137706757e-02
-1.100253779441118240e-02 -4.687937349081039429e-02 3.758583590388298035e-02 7.307527121156454086e-03
7.777250371873378754e-03 -3.023035265505313873e-02 3.809665516018867493e-02 1.592729426920413971e-02
-2.960283600259572268e-04 -4.837204515933990479e-02 3.796168789267539978e-02 9.691981598734855652e-03
1.178514957427978516e-02 -4.720359295606613159e-02 3.761498257517814636e-02 6.727805826812982559e-03
1.650678738951683044e-02 -1.899882964789867401e-02 3.843500837683677673e-02 1.775235496461391449e-02
1.398338098078966141e-02 -1.239132694900035858e-02 -4.458892345428466797e-02 1.290918234735727310e-02
4.516536835581064224e-03 -8.159971795976161957e-03 -4.491560906171798706e-02 1.310981996357440948e-02
1.564824022352695465e-02 2.627926412969827652e-03 -4.483412951231002808e-02 1.262149028480052948e-02
2.370914816856384277e-02 1.708813384175300598e-02 -4.237552732229232788e-02 1.072493661195039749e-02
2.919123508036136627e-02 -3.367176046594977379e-03 -4.200484603643417358e-02 1.016111578792333603e-02
2.212328836321830750e-02 -2.166498824954032898e-02 -4.146084934473037720e-02 8.632856421172618866e-03
2.775153517723083496e-02 -1.239756960421800613e-02 -4.141619428992271423e-02 9.060021489858627319e-03
2.919942513108253479e-02 7.032032124698162079e-03 -4.150352999567985535e-02 9.592124260962009430e-03
