-4.420978948473930359e-02 8.428476750850677490e-03 5.512859299778938293e-02 6.329169124364852905e-02
-7.988163828849792480e-02 1.224235631525516510e-03 4.426869004964828491e-02 5.711696296930313110e-02
-9.771691262722015381e-02 2.114879153668880463e-02 3.466698154807090759e-02 4.291551932692527771e-02
-5.798029527068138123e-02 4.250578954815864563e-02 2.246937714517116547e-02 3.334856778383255005e-02
-7.466522604227066040e-02 6.527131050825119019e-02 6.249321158975362778e-03 1.984745636582374573e-02
-1.411497443914413452e-01 3.345509618520736694e-02 5.373260006308555603e-03 1.826969161629676819e-02
-1.267159283161163330e-01 5.631944164633750916e-02 5.812380462884902954e-03 1.985126547515392303e-02
-1.005342379212379456e-01 6.302563846111297607e-02 6.083176471292972565e-03 1.849638670682907104e-02
-6.819588690996170044e-02 -6.427994370460510254e-02 9.319899603724479675e-03 2.139149233698844910e-02
-2.038535289466381073e-02 -1.051713153719902039e-02 5.945699661970138550e-02 6.687758862972259521e-02
-6.239751726388931274e-02 -4.081439599394798279e-02 3.059380501508712769e-02 3.798269852995872498e-02
-5.594948306679725647e-02 -2.666357159614562988e-02 4.736130684614181519e-02 5.232162028551101685e-02
-2.744268812239170074e-02 -3.928228747099637985e-03 8.945380151271820068e-02 6.086796149611473083e-02
-8.218836039304733276e-02 -2.026663720607757568e-02 3.782561793923377991e-02 4.143737629055976868e-02
-8.911898732185363770e-02 -7.270488142967224121e-02 -1.012268010526895523e-03 8.144864812493324280e-03
-5.024888366460800171e-02 -7.658886909484863281e-02 4.668246023356914520e-03 1.569636166095733643e-02
1.094459649175405502e-02 -6.794862449169158936e-02 5.290755257010459900e-02 6.860855501145124435e-03
6.258200155571103096e-04 -3.425733302719891071e-05 7.883081585168838501e-02 7.313051074743270874e-02
-4.720615968108177185e-02 -1.640240661799907684e-02 1.111746579408645630e-01 2.978247776627540588e-02
-1.289556082338094711e-02 2.897684834897518158e-02 4.111960902810096741e-02 5.662944912910461426e-02
-3.913853690028190613e-02 1.922149583697319031e-02 1.007183045148849487e-01 4.704063385725021362e-02
2.227039635181427002e-02 -3.357742726802825928e-02 2.714996039867401123e-02 4.895152151584625244e-02
2.475653216242790222e-02 3.419657051563262939e-02 2.524596452713012695e-02 4.620981588959693909e-02
4.778249189257621765e-02 -1.242668949998915195e-03 1.967035420238971710e-02 3.887115418910980225e-02
-9.517480432987213135e-02 -1.288383826613426208e-02 3.796307370066642761e-02 4.164775833487510681e-02
-1.097193881869316101e-01 1.839859783649444580e-02 2.490025572478771210e-02 3.074958734214305878e-02
-1.396894752979278564e-01 1.783694885671138763e-02 5.648400168865919113e-03 1.484957896173000336e-02
-1.316165328025817871e-01 -1.621982641518115997e-02 8.483606390655040741e-03 1.684552244842052460e-02
-1.446617841720581055e-01 -3.920765593647956848e-02 4.207026679068803787e-03 1.349541638046503067e-02
-1.470390111207962036e-01 -1.476179622113704681e-02 4.635048098862171173e-03 1.374587416648864746e-02
-1.421131640672683716e-01 4.943831823766231537e-03 5.686287302523851395e-03 1.511828787624835968e-02
-1.199790760874748230e-01 3.737895516678690910e-03 1.689819432795047760e-02 1.735628955066204071e-02
1.111470349133014679e-02 4.997797310352325439e-02 2.321346476674079895e-02 2.721322514116764069e-02
1.330515090376138687e-02 7.326051592826843262e-02 6.985603366047143936e-03 1.285000890493392944e-02
-1.472338102757930756e-02 4.631243646144866943e-02 2.160206064581871033e-02 2.496831864118576050e-02
-2.242848463356494904e-02 6.990144401788711548e-02 5.592872388660907745e-03 1.260256581008434296e-02
-1.597926206886768341e-02 8.691319823265075684e-02 4.611442796885967255e-03 1.248282380402088165e-02
-1.167543348856270313e-03 6.637728214263916016e-02 8.440610952675342560e-03 1.538395602256059647e-02
3.320446237921714783e-03 8.698255568742752075e-02 4.874541424214839935e-03 1.207993086427450180e-02
-2.114347182214260101e-02 5.468602851033210754e-02 3.673788160085678101e-02 2.228447422385215759e-02
-2.196918614208698273e-02 -4.929904267191886902e-02 2.650267817080020905e-02 3.267497941851615906e-02
6.906829774379730225e-03 -4.190863296389579773e-02 3.131350502371788025e-02 3.889174386858940125e-02
-4.211355373263359070e-02 -6.893669068813323975e-02 5.988319870084524155e-03 1.483716629445552826e-02
-3.079079836606979370e-02 -7.591295242309570312e-02 5.805479828268289566e-03 1.468730624765157700e-02
1.209984999150037766e-02 -7.186629623174667358e-02 8.565980941057205200e-03 1.618307642638683319e-02
-5.297768861055374146e-03 -6.095724552869796753e-02 9.694980457425117493e-03 1.790324598550796509e-02
2.319471241207793355e-04 -8.641737699508666992e-02 4.834191408008337021e-03 1.343329995870590210e-02
-1.798486150801181793e-02 -8.343116194009780884e-02 4.522025119513273239e-03 1.142406929284334183e-02
-9.871922433376312256e-02 -2.792447432875633240e-02 2.785730175673961639e-02 3.249728679656982422e-02
-1.282849013805389404e-01 -3.404210507869720459e-02 7.277688942849636078e-03 1.358679030090570450e-02
-1.365024447441101074e-01 -5.288130417466163635e-02 4.262955859303474426e-03 1.253761164844036102e-02
-1.224254369735717773e-01 -4.366356879472732544e-02 7.329811342060565948e-03 9.125864133238792419e-03
-9.185657650232315063e-02 -5.829668417572975159e-02 5.701080430299043655e-03 1.364796049892902374e-02
-1.117929965257644653e-01 -5.150946974754333496e-02 5.527111236006021500e-03 1.088305562734603882e-02
-1.245276778936386108e-01 -6.461282819509506226e-02 4.409876186400651932e-03 1.218669675290584564e-02
-1.033606901764869690e-01 -7.028450816869735718e-02 4.225424025207757950e-03 1.244351174682378769e-02
-5.693090707063674927e-02 7.921176403760910034e-02 4.504295997321605682e-03 7.903377525508403778e-03
-4.673705995082855225e-02 7.984174787998199463e-02 4.723940044641494751e-03 8.347057737410068512e-03
-5.359841883182525635e-02 6.956530362367630005e-02 4.684724844992160797e-03 7.881476543843746185e-03
-3.161903098225593567e-02 7.081638276576995850e-02 4.825877491384744644e-03 8.686326444149017334e-03
-4.281536862254142761e-02 6.734682619571685791e-02 4.916929639875888824e-03 8.462256751954555511e-03
-3.127538040280342102e-02 8.435065299272537231e-02 4.274719394743442535e-03 7.788278162479400635e-03
-3.722761943936347961e-02 7.692357897758483887e-02 4.735991824418306351e-03 6.589605472981929779e-03
-3.974312916398048401e-02 8.233293145895004272e-02 4.470415413379669189e-03 6.961832754313945770e-03
