9.017503907671198249e-05 8.094744384288787842e-02 -2.521652961149811745e-03 5.911335349082946777e-02
2.274919860064983368e-02 4.029261320829391479e-02 -8.207479491829872131e-03 3.992759436368942261e-02
1.716622896492481232e-02 3.829018399119377136e-02 1.987924240529537201e-02 3.716856613755226135e-02
-7.176255341619253159e-03 4.045546427369117737e-02 2.324935793876647949e-02 3.740715980529785156e-02
-2.232468500733375549e-02 4.063963145017623901e-02 1.070343609899282455e-02 3.673217818140983582e-02
-5.391210434027016163e-04 3.889179602265357971e-02 -2.354674413800239563e-02 3.791948780417442322e-02
-2.487941645085811615e-02 3.681969642639160156e-02 -1.208383589982986450e-02 3.361595794558525085e-02
-1.199169055325910449e-04 7.471865415573120117e-02 -9.637465700507164001e-03 4.548635706305503845e-02
-1.197409257292747498e-02 9.341813623905181885e-02 -7.108973711729049683e-02 2.430827170610427856e-02
1.219825726002454758e-02 9.334473311901092529e-02 -6.388095766305923462e-02 2.367609553039073944e-02
-1.249011885374784470e-02 9.495923668146133423e-02 -4.972236603498458862e-02 2.478298358619213104e-02
-1.143378764390945435e-02 9.356072545051574707e-02 -3.200621157884597778e-02 2.986815571784973145e-02
1.139994896948337555e-02 9.493555873632431030e-02 -4.105801507830619812e-02 2.708118408918380737e-02
6.853088736534118652e-03 9.084640443325042725e-02 -2.756697311997413635e-02 3.183189779520034790e-02
1.690837740898132324e-02 9.865632653236389160e-02 -5.818663537502288818e-02 1.577088609337806702e-02
1.207917649298906326e-02 8.514977246522903442e-02 -1.115131601691246033e-01 2.334149181842803955e-02
-1.022675354033708572e-02 8.682328462600708008e-02 -1.047655716538429260e-01 2.407405152916908264e-02
1.238804589956998825e-02 8.807086944580078125e-02 -1.012192890048027039e-01 2.048797905445098877e-02
1.196290459483861923e-02 9.174225479364395142e-02 -7.839298993349075317e-02 2.057173475623130798e-02
-9.663340635597705841e-03 9.260229021310806274e-02 -7.750028371810913086e-02 2.149627916514873505e-02
-1.110730785876512527e-02 8.977836370468139648e-02 -9.412612766027450562e-02 2.060430124402046204e-02
1.217908598482608795e-02 8.997855335474014282e-02 -8.424024283885955811e-02 2.306974679231643677e-02
-1.463041640818119049e-02 9.241389483213424683e-02 -9.060150384902954102e-02 1.998665928840637207e-02
1.178738009184598923e-02 8.197709172964096069e-02 -1.273104250431060791e-01 2.376851625740528107e-02
1.054202392697334290e-02 7.498990744352340698e-02 -1.503353118896484375e-01 2.679366804659366608e-02
-1.056364923715591431e-02 7.770324498414993286e-02 -1.459897309541702271e-01 2.546274289488792419e-02
-1.129611115902662277e-02 8.201866596937179565e-02 -1.328518241643905640e-01 2.335665002465248108e-02
-1.119240466505289078e-02 8.443149179220199585e-02 -1.194503977894783020e-01 2.378926612436771393e-02
-1.540764421224594116e-02 7.192783057689666748e-02 -1.482625454664230347e-01 2.144321054220199585e-02
1.469549350440502167e-02 8.265411853790283203e-02 -1.404193490743637085e-01 1.913900300860404968e-02
-8.736634626984596252e-03 6.981885433197021484e-02 -1.596783399581909180e-01 2.920196391642093658e-02
-8.290384896099567413e-03 6.641078740358352661e-02 -1.777999401092529297e-01 2.982388809323310852e-02
-5.483492743223905563e-03 4.581183567643165588e-02 -1.867031455039978027e-01 3.938072919845581055e-02
-1.466992683708667755e-02 5.719447135925292969e-02 -1.693662852048873901e-01 2.618240937590599060e-02
1.963132061064243317e-03 5.733018741011619568e-02 -1.798505336046218872e-01 3.789855167269706726e-02
9.583221748471260071e-03 7.167907804250717163e-02 -1.568283736705780029e-01 2.831435948610305786e-02
1.194796524941921234e-02 5.439200624823570251e-02 -1.744647920131683350e-01 3.192244842648506165e-02
7.394800893962383270e-03 6.508638709783554077e-02 -1.674909889698028564e-01 3.187121450901031494e-02
1.140157342888414860e-03 1.840804517269134521e-02 -2.098060399293899536e-01 5.366501957178115845e-02
-4.176426155027002096e-04 4.073026403784751892e-02 -1.915942132472991943e-01 4.687778279185295105e-02
1.258891541510820389e-02 4.135897010564804077e-02 -2.456405162811279297e-01 1.918225176632404327e-02
4.656028468161821365e-04 5.019512027502059937e-02 -2.541193366050720215e-01 7.839789614081382751e-03
-2.692566439509391785e-02 3.199162334203720093e-02 -2.445257306098937988e-01 2.337426133453845978e-02
-1.126221381127834320e-02 4.443733021616935730e-02 -2.491367161273956299e-01 1.504999678581953049e-02
2.314152568578720093e-02 3.630501776933670044e-02 -2.459714561700820923e-01 1.892116479575634003e-02
3.683280572295188904e-02 2.991851046681404114e-02 -2.514089941978454590e-01 1.481104921549558640e-02
-4.875981248915195465e-03 1.355743594467639923e-02 -2.110331505537033081e-01 5.186709761619567871e-02
-1.125407032668590546e-02 -9.396799840033054352e-03 -2.211018204689025879e-01 4.284105449914932251e-02
-3.349911794066429138e-02 1.475191442295908928e-03 -2.382636517286300659e-01 3.054176270961761475e-02
-2.495624311268329620e-02 2.432209067046642303e-02 -2.375685572624206543e-01 3.057156130671501160e-02
-1.207496132701635361e-02 -3.552161902189254761e-02 -2.417738586664199829e-01 2.595047093927860260e-02
-4.204981029033660889e-02 -1.404028106480836868e-02 -2.477260529994964600e-01 1.765384897589683533e-02
-3.232628852128982544e-02 -2.804250642657279968e-02 -2.466745376586914062e-01 2.001984417438507080e-02
-3.053245507180690765e-02 1.384522113949060440e-02 -2.370280772447586060e-01 3.172658011317253113e-02
6.033783312886953354e-03 9.193148463964462280e-03 -2.135594189167022705e-01 5.130060762166976929e-02
8.907624520361423492e-03 -1.001835707575082779e-02 -2.205011695623397827e-01 4.448993131518363953e-02
2.849862165749073029e-02 1.889232546091079712e-02 -2.377843111753463745e-01 2.991804480552673340e-02
3.711996972560882568e-02 -1.193966809660196304e-02 -2.424725443124771118e-01 2.548028156161308289e-02
3.372209519147872925e-02 -2.970343828201293945e-02 -2.487196177244186401e-01 1.688827201724052429e-02
5.530156195163726807e-03 -3.821038827300071716e-02 -2.431439012289047241e-01 2.224434539675712585e-02
4.265170171856880188e-02 8.272999897599220276e-03 -2.473282665014266968e-01 1.982666179537773132e-02
1.940241456031799316e-02 -3.796865046024322510e-02 -2.460896223783493042e-01 1.782738231122493744e-02
