-9.123609743255656213e-06 -7.748507708311080933e-02 1.051688814186491072e-04 5.609124526381492615e-02
2.612613840028643608e-03 -5.293247848749160767e-02 -1.254980918020009995e-03 5.958425253629684448e-02
-3.500844538211822510e-02 -1.970056444406509399e-02 8.651459589600563049e-03 2.996630780398845673e-02
-2.008607238531112671e-02 -2.882776595652103424e-02 1.843249984085559845e-02 4.032479971647262573e-02
-7.973819971084594727e-03 -1.718316040933132172e-02 3.785721585154533386e-02 2.863521687686443329e-02
1.387267746031284332e-02 -2.016714029014110565e-02 3.265179321169853210e-02 2.978722192347049713e-02
3.225102275609970093e-02 -1.797407865524291992e-02 2.188085578382015228e-02 2.768201380968093872e-02
4.464443027973175049e-02 -1.102091744542121887e-02 1.320149167440831661e-03 1.932292990386486053e-02
-2.816761843860149384e-04 -7.693102955818176270e-02 -3.066820325329899788e-03 5.600133538246154785e-02
6.239147856831550598e-03 -4.702763631939888000e-02 -4.081359878182411194e-02 5.408690869808197021e-02
-1.109196059405803680e-02 -4.460867494344711304e-02 -4.359996318817138672e-02 4.989347606897354126e-02
-6.444543396355584264e-05 -5.555453523993492126e-02 -4.357405472546815872e-03 5.903220176696777344e-02
3.137087076902389526e-02 -1.905003935098648071e-02 -2.553566545248031616e-02 2.546828426420688629e-02
-3.680760785937309265e-02 -1.813272014260292053e-02 -1.500156242400407791e-02 2.404756471514701843e-02
-2.269282378256320953e-02 -3.075172379612922668e-02 -3.121456131339073181e-02 3.548048809170722961e-02
3.306517750024795532e-02 -2.175520174205303192e-02 -1.276006363332271576e-02 2.960876375436782837e-02
-2.754867309704422951e-03 -2.163899829611182213e-03 -1.371281743049621582e-01 5.886757001280784607e-02
-3.701242431998252869e-02 4.065347602590918541e-04 -1.793002337217330933e-01 2.215899713337421417e-02
-4.450339451432228088e-02 -9.063381701707839966e-03 -1.871828585863113403e-01 1.507633458822965622e-02
-3.329246118664741516e-02 -1.797418668866157532e-02 -1.797864437103271484e-01 2.246169745922088623e-02
-1.364878658205270767e-02 -2.815296314656734467e-02 -1.721090376377105713e-01 2.546408213675022125e-02
6.317125516943633556e-04 -4.693669080734252930e-02 -1.843329668045043945e-01 1.461036875844001770e-02
-3.162714838981628418e-02 -3.325350582599639893e-02 -1.825563311576843262e-01 1.602016575634479523e-02
-1.763369143009185791e-02 -4.441212862730026245e-02 -1.842065304517745972e-01 1.360872853547334671e-02
-1.489144866354763508e-03 -6.391784641891717911e-03 -1.335776299238204956e-01 5.608317628502845764e-02
-2.899080573115497828e-04 -4.194382578134536743e-02 -5.446865409612655640e-02 4.375128075480461121e-02
-9.564704261720180511e-03 -2.615605108439922333e-02 -1.000253409147262573e-01 3.892999142408370972e-02
-1.946587860584259033e-02 -7.444717455655336380e-03 -1.202330216765403748e-01 4.002628475427627563e-02
-1.111794076859951019e-02 -3.987265005707740784e-02 -7.028132677078247070e-02 3.672939166426658630e-02
-2.991160936653614044e-02 -3.292016312479972839e-02 -7.254058867692947388e-02 2.801430597901344299e-02
-3.424932062625885010e-02 -1.963667385280132294e-02 -9.366566687822341919e-02 2.491207793354988098e-02
-1.345007400959730148e-02 -3.294196352362632751e-02 -3.868537023663520813e-02 3.599029406905174255e-02
7.106401957571506500e-03 -1.232716441154479980e-02 -1.233834400773048401e-01 4.902596771717071533e-02
3.139117732644081116e-02 -1.775658875703811646e-02 -9.771287441253662109e-02 2.780604176223278046e-02
9.669366292655467987e-03 -4.092980176210403442e-02 -5.554652959108352661e-02 4.130090028047561646e-02
-4.365997388958930969e-03 -3.582914546132087708e-02 -8.009798824787139893e-02 3.862327337265014648e-02
8.050306700170040131e-03 -3.083248622715473175e-02 -9.391955286264419556e-02 3.720682486891746521e-02
2.962713129818439484e-02 -3.006737120449542999e-02 -7.936484366655349731e-02 2.710836194455623627e-02
2.808154188096523285e-02 -3.532159328460693359e-02 -6.570015102624893188e-02 2.837107516825199127e-02
9.434707462787628174e-03 -3.870340436697006226e-02 -7.264751940965652466e-02 3.554449602961540222e-02
-1.470514456741511822e-03 2.149533946067094803e-03 -1.395050287246704102e-01 6.057824194431304932e-02
-4.116869345307350159e-02 7.608708925545215607e-03 -1.787511855363845825e-01 2.058208361268043518e-02
-3.764106705784797668e-02 2.340886928141117096e-02 -1.814656257629394531e-01 1.747608371078968048e-02
-2.767223492264747620e-02 3.461297601461410522e-02 -1.808346509933471680e-01 1.751684024930000305e-02
-1.046522986143827438e-03 4.363637790083885193e-02 -1.807830929756164551e-01 1.745842397212982178e-02
9.089195169508457184e-03 4.174727573990821838e-02 -1.796141266822814941e-01 1.872676424682140350e-02
-1.445808727294206619e-02 4.179124161601066589e-02 -1.807781904935836792e-01 1.755508221685886383e-02
4.109959583729505539e-03 2.776595298200845718e-03 -1.418783664703369141e-01 5.646415054798126221e-02
1.896547526121139526e-02 -3.564385464414954185e-03 -1.232567206025123596e-01 4.131834208965301514e-02
1.635875552892684937e-02 2.052269876003265381e-02 -1.625163406133651733e-01 3.185645863413810730e-02
4.133597016334533691e-02 7.610915228724479675e-03 -1.790710240602493286e-01 2.037725783884525299e-02
4.736174643039703369e-02 -8.390486240386962891e-03 -1.850014925003051758e-01 1.352003030478954315e-02
3.807604685425758362e-02 2.111430279910564423e-02 -1.803977340459823608e-01 1.774366386234760284e-02
1.899576187133789062e-02 4.083341732621192932e-02 -1.813026368618011475e-01 1.694371551275253296e-02
3.209295496344566345e-02 3.387020528316497803e-02 -1.831511110067367554e-01 1.422160305082798004e-02
-3.576434100978076458e-04 -6.953955627977848053e-03 -1.429081261157989502e-01 5.462246388196945190e-02
2.260931767523288727e-02 -3.147001378238201141e-03 -1.596427112817764282e-01 3.780164569616317749e-02
3.875314025208353996e-03 -3.413872793316841125e-02 -1.716602295637130737e-01 2.623673342168331146e-02
3.979751840233802795e-02 -1.216085720807313919e-02 -1.782799810171127319e-01 1.881821639835834503e-02
1.676509529352188110e-02 -4.014012962579727173e-02 -1.798725873231887817e-01 1.776889525353908539e-02
1.865170709788799286e-02 -1.901519671082496643e-02 -1.629871875047683716e-01 3.175411745905876160e-02
4.047434404492378235e-02 -2.270152606070041656e-02 -1.836573034524917603e-01 1.412041857838630676e-02
3.182102739810943604e-02 -3.602602332830429077e-02 -1.847503185272216797e-01 1.291881874203681946e-02
