8.805488049983978271e-02 2.203910425305366516e-02 -8.306686504511162639e-05 4.509657621383666992e-02
6.862843036651611328e-02 4.971616715192794800e-02 4.367440938949584961e-03 3.650106117129325867e-02
8.793552219867706299e-02 3.459118679165840149e-02 6.337706145131960511e-05 4.677620157599449158e-02
7.030014693737030029e-02 6.215210631489753723e-02 -1.238495763391256332e-02 2.294011972844600677e-02
8.361402153968811035e-02 5.902864038944244385e-02 -1.883065886795520782e-02 2.475737221539020538e-02
8.003048598766326904e-02 5.986532568931579590e-02 1.894630119204521179e-02 2.357637323439121246e-02
9.291898459196090698e-02 4.949916899204254150e-02 1.225269585847854614e-02 3.199512138962745667e-02
9.448838979005813599e-02 4.610182344913482666e-02 -8.526389487087726593e-03 3.491172939538955688e-02
8.804033696651458740e-02 -8.868833538144826889e-04 -2.168104629163281061e-06 4.849917069077491760e-02
5.833097919821739197e-02 -3.907423093914985657e-02 -1.219157781451940536e-02 1.842863298952579498e-02
1.031664758920669556e-01 -3.976287692785263062e-02 -2.667029760777950287e-02 1.771003566682338715e-02
8.614940196275711060e-02 -1.797288656234741211e-02 -8.285887539386749268e-03 3.813153505325317383e-02
9.450993686914443970e-02 -4.415095970034599304e-02 -3.568255156278610229e-02 1.404112949967384338e-02
7.686607539653778076e-02 -4.458985850214958191e-02 -3.982960805296897888e-02 1.216651778668165207e-02
6.329547613859176636e-02 -4.433465376496315002e-02 -3.139168396592140198e-02 1.213873550295829773e-02
5.293018370866775513e-02 4.615362267941236496e-03 1.385024562478065491e-02 4.054810851812362671e-02
3.320722281932830811e-02 -1.107340678572654724e-02 2.646588720381259918e-02 3.432105481624603271e-02
3.168473392724990845e-02 9.215993806719779968e-03 1.487930398434400558e-02 3.714128583669662476e-02
5.249739065766334534e-02 -3.076868690550327301e-02 -5.736243911087512970e-03 2.390821650624275208e-02
6.342823803424835205e-02 -1.854936964809894562e-02 7.622430101037025452e-03 3.563741222023963928e-02
2.537545561790466309e-02 -8.911627344787120819e-03 1.237167883664369583e-02 3.212247788906097412e-02
2.364284731447696686e-02 -3.251782804727554321e-02 -5.188363138586282730e-03 1.544833835214376450e-02
1.070752646774053574e-02 -1.277210470288991928e-02 2.033816464245319366e-02 3.997357934713363647e-02
-9.509895928204059601e-03 -1.110733579844236374e-02 1.851718313992023468e-02 3.926846012473106384e-02
1.021992415189743042e-02 -3.256781771779060364e-02 -7.882885402068495750e-04 2.050816267728805542e-02
-1.948424178408458829e-04 -3.773706033825874329e-02 -4.771360661834478378e-03 1.629619672894477844e-02
-1.637545041739940643e-02 -3.590955957770347595e-02 -5.413550417870283127e-03 1.566106081008911133e-02
-2.116349525749683380e-02 -6.669390946626663208e-03 1.112082507461309433e-02 2.798210829496383667e-02
-2.793722972273826599e-02 -2.344411611557006836e-02 -3.485407680273056030e-03 1.744472421705722809e-02
-3.832122310996055603e-02 -1.302790269255638123e-02 -7.274874951690435410e-03 1.221929118037223816e-02
-1.428105216473340988e-02 4.634808748960494995e-03 1.787411421537399292e-02 3.732480481266975403e-02
1.406436413526535034e-02 1.197022851556539536e-02 2.017885260283946991e-02 3.934044390916824341e-02
-1.086050295270979404e-03 1.396615244448184967e-02 1.907386817038059235e-02 3.885574638843536377e-02
-3.848433122038841248e-02 -2.047179266810417175e-03 -5.821716506034135818e-03 1.390411704778671265e-02
-2.911425754427909851e-02 2.259060554206371307e-02 -3.992376383394002914e-03 1.653874851763248444e-02
-6.695173680782318115e-03 4.022933915257453918e-02 -7.637010421603918076e-03 1.249153725802898407e-02
-2.046952024102210999e-02 3.233538568019866943e-02 -4.648503381758928299e-03 1.577653549611568451e-02
-3.777476400136947632e-02 1.179994363337755203e-02 -6.266555748879909515e-03 1.412710081785917282e-02
7.203613966703414917e-02 2.383659221231937408e-02 4.962143488228321075e-03 3.910610452294349670e-02
5.134686082601547241e-02 4.274252429604530334e-02 7.217043079435825348e-03 3.225703537464141846e-02
2.320240996778011322e-02 1.084809377789497375e-02 1.975169777870178223e-02 3.797253966331481934e-02
3.707485646009445190e-02 1.519356295466423035e-02 1.766924560070037842e-02 3.532814234495162964e-02
2.934796502813696861e-03 1.726407371461391449e-02 1.693791709840297699e-02 3.578376024961471558e-02
3.428744524717330933e-02 4.459213092923164368e-02 4.122100304812192917e-03 2.266808785498142242e-02
1.269218418747186661e-02 3.761719539761543274e-02 2.581270877271890640e-03 2.235155366361141205e-02
2.661839686334133148e-02 3.288900852203369141e-02 1.069931872189044952e-02 2.748078294098377228e-02
8.795328438282012939e-02 4.953652154654264450e-03 1.292069064220413566e-04 4.689075797796249390e-02
6.389508396387100220e-02 -1.788740791380405426e-02 1.104107871651649475e-02 3.827519714832305908e-02
9.520751237869262695e-02 -3.989056870341300964e-02 3.032112866640090942e-02 1.813420653343200684e-02
8.761882036924362183e-02 -1.147451531141996384e-02 3.595318179577589035e-03 4.251381009817123413e-02
1.094503104686737061e-01 -3.688294813036918640e-02 1.632505655288696289e-02 2.171195857226848602e-02
8.327994495630264282e-02 -4.275586083531379700e-02 3.400309011340141296e-02 1.456660591065883636e-02
1.094186529517173767e-01 -4.350193217396736145e-02 2.823668532073497772e-02 1.550545636564493179e-02
7.239559292793273926e-02 -3.841904923319816589e-02 2.512632310390472412e-02 2.065303549170494080e-02
8.842550218105316162e-02 6.848793476819992065e-03 -2.753877197392284870e-04 4.629100114107131958e-02
9.442074596881866455e-02 -1.548932678997516632e-02 -1.287236460484564304e-03 4.001916944980621338e-02
1.130713745951652527e-01 -4.321023821830749512e-02 -2.366708219051361084e-02 1.524523738771677017e-02
1.093337014317512512e-01 -3.234651312232017517e-02 3.152460325509309769e-03 2.218754775822162628e-02
1.219079121947288513e-01 -4.561536386609077454e-02 1.655788347125053406e-02 1.106733921915292740e-02
1.219138056039810181e-01 -4.377458244562149048e-02 -1.062733773142099380e-02 1.401891559362411499e-02
1.270800679922103882e-01 -4.684619233012199402e-02 3.828985150903463364e-03 9.684811346232891083e-03
1.209969967603683472e-01 -5.062170699238777161e-02 2.890916541218757629e-02 1.414919737726449966e-03
