1.168719958513975143e-02 3.959701396524906158e-03 -6.741029024124145508e-02 5.014089494943618774e-02
3.206350281834602356e-02 2.580663375556468964e-02 -3.326143324375152588e-02 3.259424492716789246e-02
-2.035691286437213421e-04 -5.333799344953149557e-05 -5.899763479828834534e-02 5.358301103115081787e-02
4.869564250111579895e-02 2.383531630039215088e-02 -3.584522008895874023e-02 3.517291322350502014e-02
4.590867459774017334e-02 -4.745220299810171127e-03 -5.859157443046569824e-02 2.373575232923030853e-02
3.616938367486000061e-02 1.592100411653518677e-02 -5.561160854995250702e-03 2.192836254835128784e-02
2.231385558843612671e-02 -1.838150434195995331e-03 -8.021438494324684143e-03 9.537105448544025421e-03
2.108554355800151825e-02 -1.137972716242074966e-02 -1.238138321787118912e-02 1.147345267236232758e-02
8.185610175132751465e-02 6.035845726728439331e-02 1.660244772210717201e-03 5.656703561544418335e-02
7.401813566684722900e-02 6.123831868171691895e-02 -4.850799217820167542e-03 5.107088387012481689e-02
3.715739399194717407e-02 6.568067520856857300e-02 -4.212118685245513916e-02 1.221203710883855820e-02
3.462909162044525146e-02 5.987446010112762451e-02 -2.658574096858501434e-02 1.977662555873394012e-02
5.565480515360832214e-02 6.065567210316658020e-02 -3.449123352766036987e-02 2.915778942406177521e-02
3.933452814817428589e-02 6.077886372804641724e-02 -1.988058164715766907e-02 2.428030408918857574e-02
1.411997340619564056e-02 3.810717491433024406e-03 -8.367292582988739014e-02 4.118077456951141357e-02
5.442335829138755798e-02 3.845696803182363510e-03 -5.168974772095680237e-02 2.446332201361656189e-02
1.056331582367420197e-02 3.565195575356483459e-02 -1.028861105442047119e-01 2.820250019431114197e-02
3.336024656891822815e-02 3.052639029920101166e-02 -1.162762194871902466e-01 1.622422970831394196e-02
3.745625913143157959e-02 1.505137979984283447e-02 -1.115487441420555115e-01 1.912623830139636993e-02
4.078591987490653992e-02 -1.159107964485883713e-02 -1.132841557264328003e-01 1.684741489589214325e-02
2.744278311729431152e-02 -2.424009703099727631e-02 -1.078622639179229736e-01 2.557612024247646332e-02
4.553831741213798523e-02 1.990776043385267258e-03 -1.117270514369010925e-01 1.539395842701196671e-02
7.958400994539260864e-02 6.447541713714599609e-02 7.990434765815734863e-03 4.977436363697052002e-02
6.291387230157852173e-02 5.610424280166625977e-02 -6.491876207292079926e-03 4.730949550867080688e-02
6.814937293529510498e-02 4.686269909143447876e-02 -5.376134067773818970e-03 4.913337528705596924e-02
4.512256383895874023e-02 1.911160908639431000e-02 1.126031111925840378e-02 2.621359750628471375e-02
8.018437027931213379e-02 3.904559090733528137e-02 1.622008904814720154e-02 4.297013953328132629e-02
7.680841535329818726e-02 1.446357276290655136e-02 4.238566011190414429e-02 2.200314775109291077e-02
5.863249301910400391e-02 1.241041813045740128e-02 3.755083680152893066e-02 1.982782967388629913e-02
5.246082320809364319e-02 1.921920664608478546e-02 2.330373600125312805e-02 2.652432210743427277e-02
8.726748824119567871e-02 6.433854997158050537e-02 -2.989327767863869667e-03 5.017624422907829285e-02
6.408300995826721191e-02 2.704679779708385468e-02 -3.116691298782825470e-02 3.538642823696136475e-02
9.009588509798049927e-02 3.994407132267951965e-02 -9.360076859593391418e-03 4.413603618741035461e-02
8.552149683237075806e-02 1.233045011758804321e-02 -4.116035252809524536e-02 2.056830190122127533e-02
6.916919350624084473e-02 6.266215443611145020e-02 -2.878388948738574982e-02 3.109718486666679382e-02
1.143399402499198914e-01 2.194077894091606140e-02 -8.692733943462371826e-03 2.990807034075260162e-02
1.062816977500915527e-01 1.249090023338794708e-02 -3.362276405096054077e-02 2.057387493550777435e-02
1.220390647649765015e-01 1.128728315234184265e-02 -1.964931562542915344e-02 1.798727549612522125e-02
8.773125708103179932e-02 6.441492587327957153e-02 6.233962252736091614e-03 5.148783326148986816e-02
8.775824308395385742e-02 4.814315587282180786e-02 4.715438932180404663e-03 5.069179460406303406e-02
1.021875664591789246e-01 1.834120415151119232e-02 3.309151902794837952e-02 2.645284682512283325e-02
1.206642314791679382e-01 1.714623905718326569e-02 4.152114503085613251e-03 2.506469562649726868e-02
1.175899356603622437e-01 1.431471575051546097e-02 2.468098141252994537e-02 2.191176265478134155e-02
1.333132088184356689e-01 3.642780939117074013e-03 -1.145998388528823853e-02 5.036192946135997772e-03
8.592247962951660156e-02 1.852564699947834015e-02 3.840145096182823181e-02 2.682856842875480652e-02
9.824898093938827515e-02 1.709008472971618176e-03 5.344806984066963196e-02 2.409192500635981560e-03
-3.929165904992260039e-05 1.088913340936414897e-04 -6.313277035951614380e-02 5.483011156320571899e-02
2.251913398504257202e-02 -2.317167632281780243e-02 -9.852449595928192139e-02 3.167681768536567688e-02
-5.394759587943553925e-03 -1.100344303995370865e-02 -8.033764362335205078e-02 4.552764445543289185e-02
-3.636639565229415894e-02 -8.049650117754936218e-03 -1.033337637782096863e-01 2.752433903515338898e-02
1.831065118312835693e-02 -3.669348359107971191e-02 -1.066573560237884521e-01 2.157298848032951355e-02
3.100945148617029190e-03 -3.782822191715240479e-02 -1.043633073568344116e-01 2.484142407774925232e-02
-1.305070612579584122e-02 -3.883394971489906311e-02 -1.066717728972434998e-01 2.188557200133800507e-02
-3.070417791604995728e-02 -3.065904416143894196e-02 -1.095176860690116882e-01 2.033283561468124390e-02
2.339889993891119957e-03 1.472893520258367062e-03 -7.090078294277191162e-02 5.834110826253890991e-02
5.493173375725746155e-03 3.307994455099105835e-02 -1.001238450407981873e-01 2.941256947815418243e-02
-2.574368938803672791e-02 -1.016094814985990524e-02 -9.470535814762115479e-02 3.341452777385711670e-02
-3.578693792223930359e-02 6.796605419367551804e-03 -1.030256524682044983e-01 2.593958005309104919e-02
-1.235782820731401443e-02 1.757748052477836609e-02 -8.839784562587738037e-02 3.498135134577751160e-02
-1.134438998997211456e-02 4.341162368655204773e-02 -1.107213944196701050e-01 1.846566423773765564e-02
-3.600898385047912598e-02 1.878072321414947510e-02 -1.069075837731361389e-01 2.148093469440937042e-02
-2.869787439703941345e-02 3.163563832640647888e-02 -1.085484549403190613e-01 1.990593038499355316e-02
