-3.478112444281578064e-02 -3.534765169024467468e-02 8.567811548709869385e-02 6.105020176619291306e-03
-1.099829375743865967e-02 -1.485668029636144638e-02 7.849390804767608643e-02 3.229099884629249573e-02
-1.875524781644344330e-02 -2.597349509596824646e-02 6.467505544424057007e-02 1.773095130920410156e-02
-2.094722166657447815e-02 -8.663342334330081940e-03 8.447481691837310791e-02 2.650135383009910583e-02
-3.005057759582996368e-02 -2.666983194649219513e-02 5.569671094417572021e-02 6.197537295520305634e-03
-3.177134320139884949e-02 -1.810580305755138397e-02 5.927234143018722534e-02 1.098143402487039566e-02
-3.280344605445861816e-02 -7.674891501665115356e-03 6.246059387922286987e-02 1.582598127424716949e-02
-1.941856183111667633e-02 3.902510274201631546e-03 7.913415133953094482e-02 3.074661269783973694e-02
-1.443255785852670670e-02 1.436965633183717728e-02 8.075582236051559448e-02 3.003750182688236237e-02
-1.929405704140663147e-02 2.897476963698863983e-02 6.173299252986907959e-02 1.391522027552127838e-02
-1.398532185703516006e-03 5.897057242691516876e-03 7.541684061288833618e-02 2.719014696776866913e-02
-8.442813530564308167e-03 2.726646326482295990e-02 6.861259043216705322e-02 1.966295391321182251e-02
-3.473819419741630554e-02 1.266737934201955795e-02 5.897316336631774902e-02 1.142139919102191925e-02
-3.312492370605468750e-02 5.687464727088809013e-04 5.771354958415031433e-02 1.465967204421758652e-02
-2.782304026186466217e-02 2.232111804187297821e-02 5.525208264589309692e-02 1.169039402157068253e-02
1.490966323763132095e-02 2.629383839666843414e-02 7.725993543863296509e-02 3.111285902559757233e-02
-3.699304652400314808e-04 2.430001646280288696e-02 7.867083698511123657e-02 3.081311285495758057e-02
-2.019326016306877136e-02 3.871264681220054626e-02 9.241364151239395142e-02 3.017912677023559809e-04
1.719342544674873352e-02 4.550113901495933533e-02 7.692254334688186646e-02 1.946792006492614746e-02
-1.136917248368263245e-02 3.637562692165374756e-02 5.320200324058532715e-02 9.309688583016395569e-03
5.270200781524181366e-03 4.811295121908187866e-02 8.768577128648757935e-02 7.563674822449684143e-03
1.007671235129237175e-03 3.317208215594291687e-02 6.555698066949844360e-02 1.850165799260139465e-02
1.477088965475559235e-02 1.904450915753841400e-02 9.166479855775833130e-02 1.808886788785457611e-02
2.332072332501411438e-02 4.884656146168708801e-02 8.325871080160140991e-02 1.993211545050144196e-02
3.855096176266670227e-02 6.924489885568618774e-02 8.786544948816299438e-02 1.567262411117553711e-02
3.330959752202033997e-02 6.114071980118751526e-02 8.631397783756256104e-02 1.727679930627346039e-02
3.977964818477630615e-02 4.163738340139389038e-02 8.399698138236999512e-02 1.944652386009693146e-02
5.429423972964286804e-02 5.061276257038116455e-02 8.673163503408432007e-02 1.579346135258674622e-02
4.856272041797637939e-02 5.999870225787162781e-02 8.767257630825042725e-02 1.412124186754226685e-02
2.442088350653648376e-02 5.454263836145401001e-02 8.721786737442016602e-02 1.610381528735160828e-02
3.130908310413360596e-02 6.142801418900489807e-02 8.351634442806243896e-02 1.512036658823490143e-02
1.713302731513977051e-02 -9.446407668292522430e-03 8.128614723682403564e-02 3.043065406382083893e-02
3.020680509507656097e-02 1.311093568801879883e-02 7.763316482305526733e-02 3.011865355074405670e-02
2.436028607189655304e-02 -1.907088793814182281e-02 6.494907289743423462e-02 1.850216649472713470e-02
2.019027993083000183e-02 6.325750611722469330e-03 7.786871492862701416e-02 3.184967488050460815e-02
3.325671330094337463e-02 -3.263001330196857452e-03 6.552247703075408936e-02 1.889386214315891266e-02
3.557782992720603943e-02 1.987937372177839279e-03 8.543065935373306274e-02 1.943212933838367462e-02
5.144260823726654053e-02 6.117654964327812195e-03 9.621834754943847656e-02 4.751667380332946777e-03
3.561268746852874756e-02 -1.598729193210601807e-02 5.696728080511093140e-02 8.727869950234889984e-03
2.817300707101821899e-02 1.684982143342494965e-02 7.784010469913482666e-02 2.525085583329200745e-02
4.968852177262306213e-02 1.482825260609388351e-02 7.676574587821960449e-02 1.249109953641891479e-02
4.771635681390762329e-02 3.512259945273399353e-02 8.421911299228668213e-02 1.858785003423690796e-02
6.083009392023086548e-02 4.839975759387016296e-02 8.853763341903686523e-02 1.280042808502912521e-02
6.637153029441833496e-02 3.769732266664505005e-02 8.762041479349136353e-02 1.639468595385551453e-02
5.765602365136146545e-02 3.013574704527854919e-02 8.560974150896072388e-02 1.853360421955585480e-02
5.176210775971412659e-02 1.770208403468132019e-02 8.964386582374572754e-02 1.367350108921527863e-02
5.474809557199478149e-02 1.949318312108516693e-02 7.698675245046615601e-02 1.111107692122459412e-02
1.851660665124654770e-03 -1.869805157184600830e-02 7.953671365976333618e-02 3.099839575588703156e-02
-2.860423643141984940e-03 -3.906401246786117554e-02 5.671874433755874634e-02 7.504157256335020065e-03
-3.833442460745573044e-03 -1.812617108225822449e-02 7.921974360942840576e-02 3.153616935014724731e-02
1.293082442134618759e-02 -2.799247205257415771e-02 6.613659113645553589e-02 1.979344524443149567e-02
9.756040759384632111e-03 -1.884611882269382477e-02 7.943222671747207642e-02 2.975762262940406799e-02
7.482594810426235199e-03 -3.520378097891807556e-02 6.013768166303634644e-02 1.327817328274250031e-02
-1.397395040839910507e-02 -3.471063077449798584e-02 5.910573899745941162e-02 1.245828066021203995e-02
2.431198582053184509e-02 -2.849451079964637756e-02 5.868484824895858765e-02 1.052656210958957672e-02
