1.205571112222969532e-03 -1.345323771238327026e-01 6.614034064114093781e-03 6.200608238577842712e-02
3.471381962299346924e-02 -1.011569127440452576e-01 1.444708928465843201e-02 2.221021987497806549e-02
-1.478748489171266556e-02 -1.152147427201271057e-01 1.655812002718448639e-02 4.518159478902816772e-02
3.293670341372489929e-02 -1.712633818387985229e-01 6.288652308285236359e-03 3.337778523564338684e-02
3.262275829911231995e-02 -1.799528747797012329e-01 2.755036205053329468e-02 2.025499567389488220e-02
8.785828016698360443e-03 -1.746979057788848877e-01 3.612165153026580811e-02 3.073936700820922852e-02
3.696766868233680725e-02 -1.784355938434600830e-01 -1.915041171014308929e-02 2.533983252942562103e-02
2.089547179639339447e-02 -1.836688816547393799e-01 -4.072945192456245422e-02 1.689911819994449615e-02
2.302593737840652466e-02 -1.625089496374130249e-01 -1.276932470500469208e-02 4.013140499591827393e-02
4.513808060437440872e-03 -1.426225304603576660e-01 2.179543720558285713e-03 6.207691878080368042e-02
-1.035901531577110291e-02 -1.314101815223693848e-01 1.257597235962748528e-03 5.191365629434585571e-02
-4.367955494672060013e-03 -1.820352971553802490e-01 -4.355858638882637024e-02 1.967548020184040070e-02
1.350477058440446854e-02 -1.757447570562362671e-01 -3.557737916707992554e-02 2.646202407777309418e-02
-3.685150295495986938e-02 -1.779546886682510376e-01 -2.339993789792060852e-02 2.273229509592056274e-02
-6.155815906822681427e-03 -1.514636725187301636e-01 -1.681568101048469543e-02 4.143031314015388489e-02
-2.309281192719936371e-02 -1.834338158369064331e-01 -3.906536847352981567e-02 1.742168515920639038e-02
8.631379343569278717e-03 -4.720255360007286072e-02 4.270039498805999756e-02 4.833155125379562378e-02
2.057201490970328450e-04 -1.595763722434639931e-03 7.174488157033920288e-02 5.108937993645668030e-02
-6.813090760260820389e-03 -4.302544891834259033e-02 3.974064439535140991e-02 4.539826512336730957e-02
3.592290449887514114e-04 -1.196473184973001480e-02 6.209413334727287292e-02 5.031102150678634644e-02
2.747213654220104218e-02 -2.916003391146659851e-02 1.778857037425041199e-02 2.623846568167209625e-02
4.573556780815124512e-02 -2.036016993224620819e-02 6.536882370710372925e-03 1.109550427645444870e-02
-3.232443332672119141e-02 -4.141331464052200317e-02 4.624796099960803986e-03 6.910383701324462891e-03
-3.623567149043083191e-02 -2.691761031746864319e-02 1.420095749199390411e-02 1.969354040920734406e-02
-8.936931379139423370e-03 -1.102351248264312744e-01 2.167067490518093109e-02 4.117016494274139404e-02
-1.271192543208599091e-02 -4.804341867566108704e-02 4.038161039352416992e-02 4.298318549990653992e-02
-2.466944977641105652e-03 -5.423729121685028076e-02 4.265189543366432190e-02 4.322306066751480103e-02
-2.805226482450962067e-02 -6.625788658857345581e-02 3.513330593705177307e-02 2.931473962962627411e-02
-3.252512961626052856e-02 -8.637280017137527466e-02 2.558886818587779999e-02 2.506071142852306366e-02
-9.716757573187351227e-03 -7.783818244934082031e-02 3.599368408322334290e-02 3.692521154880523682e-02
-2.720513567328453064e-02 -1.015297323465347290e-01 1.875729300081729889e-02 2.931353263556957245e-02
-1.028917636722326279e-02 -9.104301035404205322e-02 3.245424479246139526e-02 3.583787754178047180e-02
1.335465349256992340e-02 -1.103651225566864014e-01 2.002120390534400940e-02 4.034037515521049500e-02
6.232814397662878036e-03 -5.019543319940567017e-02 4.274160042405128479e-02 4.372178390622138977e-02
5.864293780177831650e-03 -7.756270468235015869e-02 3.574079647660255432e-02 3.978640213608741760e-02
1.221887953579425812e-02 -4.819362238049507141e-02 4.067316278815269470e-02 4.304125532507896423e-02
2.744288370013237000e-02 -7.027089595794677734e-02 3.385812789201736450e-02 3.003926016390323639e-02
3.252425417304039001e-02 -9.069145470857620239e-02 2.384127490222454071e-02 2.565179206430912018e-02
1.043886411935091019e-02 -9.086297452449798584e-02 3.226730227470397949e-02 3.469202667474746704e-02
5.930020939558744431e-03 -2.127502113580703735e-02 4.943507909774780273e-02 5.581444501876831055e-02
-5.379481808631680906e-05 -8.875956409610807896e-04 5.670949444174766541e-02 6.272440403699874878e-02
3.153276816010475159e-02 -1.692488417029380798e-02 2.286494150757789612e-02 3.037141077220439911e-02
8.150362409651279449e-04 4.595985636115074158e-02 8.736373856663703918e-03 1.314745750278234482e-02
1.192967593669891357e-02 3.326220437884330750e-02 2.040745690464973450e-02 2.841895073652267456e-02
3.844539448618888855e-02 1.421245653182268143e-02 1.460298243910074234e-02 2.209649421274662018e-02
2.859313413500785828e-02 3.104458190500736237e-02 1.296988502144813538e-02 2.091235481202602386e-02
4.324783757328987122e-02 -2.802255563437938690e-03 1.244420744478702545e-02 2.033021673560142517e-02
-4.142004399909637868e-05 -1.349464524537324905e-03 6.834671646356582642e-02 5.823982879519462585e-02
-4.220768436789512634e-02 -7.462601643055677414e-03 1.341519970446825027e-02 2.189733088016510010e-02
-1.042293664067983627e-02 -3.092741407454013824e-02 4.473426192998886108e-02 4.985224828124046326e-02
-5.422943737357854843e-03 6.494786590337753296e-03 4.714468121528625488e-02 5.151787400245666504e-02
-9.375196881592273712e-03 4.168333858251571655e-02 1.226683054119348526e-02 1.913399063050746918e-02
-3.826460242271423340e-02 1.337953284382820129e-02 1.502066850662231445e-02 2.354120463132858276e-02
-2.461660467088222504e-02 -1.554888021200895309e-02 3.019737452268600464e-02 3.875965997576713562e-02
-2.651188336312770844e-02 3.063944727182388306e-02 1.523124892264604568e-02 2.339890785515308380e-02
-7.732609519734978676e-04 -1.397837847471237183e-01 2.390451030805706978e-03 5.993805825710296631e-02
-6.044946076144697145e-06 -1.621384322643280029e-01 2.446911484003067017e-02 3.787247836589813232e-02
-2.443104796111583710e-02 -1.634232252836227417e-01 -1.069643814116716385e-02 3.618029877543449402e-02
-1.066978834569454193e-02 -1.811022758483886719e-01 4.212114214897155762e-02 1.848742365837097168e-02
-2.462275512516498566e-02 -1.812103688716888428e-01 3.534486889839172363e-02 1.894896104931831360e-02
-4.106754064559936523e-02 -1.803470104932785034e-01 1.255498919636011124e-02 1.942107267677783966e-02
-3.990546986460685730e-02 -1.781216263771057129e-01 -1.059104106388986111e-03 2.212382480502128601e-02
-3.411342948675155640e-02 -1.776828020811080933e-01 2.217707224190235138e-02 2.172393910586833954e-02
