-3.644265606999397278e-02 3.043655119836330414e-02 2.843955904245376587e-02 4.429429396986961365e-02
-6.179268006235361099e-03 3.482226980850100517e-03 5.644111707806587219e-02 5.669466033577919006e-02
-3.879941999912261963e-02 1.830852963030338287e-02 5.979004874825477600e-02 3.208483010530471802e-02
-2.630050294101238251e-02 3.089774586260318756e-02 5.887376889586448669e-02 3.464553505182266235e-02
-5.587083473801612854e-02 4.217008128762245178e-02 6.714589893817901611e-02 4.839879460632801056e-03
-3.347539156675338745e-02 -1.844936795532703400e-02 1.689022034406661987e-02 2.440919913351535797e-02
-4.290872067213058472e-02 -4.401101265102624893e-03 1.422648318111896515e-02 2.165381982922554016e-02
-7.254093885421752930e-02 4.532607272267341614e-02 -8.785153477219864726e-05 3.443121165037155151e-02
-6.368243694305419922e-02 2.038016915321350098e-02 -1.059106923639774323e-02 1.192727591842412949e-02
-6.015627086162567139e-02 1.458396948873996735e-02 -1.369726750999689102e-02 7.352069485932588577e-03
-6.246517971158027649e-02 1.688341051340103149e-02 -1.730905612930655479e-03 1.193341054022312164e-02
-5.345189198851585388e-02 7.145320065319538116e-03 6.547889672219753265e-03 1.068924274295568466e-02
-5.890650302171707153e-02 4.856409970670938492e-03 -4.489040467888116837e-03 5.182586144655942917e-03
-5.881987139582633972e-02 7.906287908554077148e-03 -1.857461035251617432e-02 5.280632991343736649e-03
-3.623185306787490845e-02 -4.212041199207305908e-02 -4.711757414042949677e-03 4.949068754199680101e-18
-2.321146056056022644e-02 2.698838710784912109e-02 3.421207889914512634e-02 4.238544777035713196e-02
-4.906874150037765503e-03 -2.105743158608675003e-03 4.756170511245727539e-02 5.867654830217361450e-02
9.212116128765046597e-04 5.193662364035844803e-03 5.762492492794990540e-02 4.768270626664161682e-02
-1.965007930994033813e-02 2.931239455938339233e-02 5.483004078269004822e-02 3.105932846665382385e-02
1.162478141486644745e-02 -5.791730945929884911e-04 3.647173196077346802e-02 4.702737927436828613e-02
3.894209396094083786e-03 3.960100188851356506e-02 1.055614463984966278e-02 2.338742651045322418e-02
2.611562237143516541e-02 2.784781716763973236e-02 1.739403791725635529e-02 2.772675268352031708e-02
2.229896001517772675e-02 6.399203091859817505e-03 3.151816502213478088e-02 4.165153950452804565e-02
4.192033782601356506e-03 6.915417034178972244e-03 6.613069027662277222e-02 4.790951684117317200e-02
1.179500482976436615e-02 -1.012066495604813099e-03 6.752181053161621094e-02 4.488127678632736206e-02
2.047892659902572632e-02 -7.876127958297729492e-03 3.215163201093673706e-02 3.457740694284439087e-02
4.448463022708892822e-02 -1.440997701138257980e-02 8.984509855508804321e-03 1.215485949069261551e-02
4.856651648879051208e-02 4.161330405622720718e-03 6.909844931215047836e-03 9.927828796207904816e-03
4.812050238251686096e-02 1.613415218889713287e-02 4.963788203895092010e-03 9.030854329466819763e-03
4.237572103738784790e-02 2.790805883705615997e-02 4.674271214753389359e-03 8.376249112188816071e-03
4.868086054921150208e-02 -7.440465502440929413e-03 6.122618447989225388e-03 9.055047295987606049e-03
-7.978837192058563232e-02 6.062801927328109741e-02 1.441651606000959873e-03 5.403114855289459229e-02
-6.647454947233200073e-02 6.803792715072631836e-02 2.690148074179887772e-03 5.182388797402381897e-02
-6.737305223941802979e-02 1.102991253137588501e-01 3.938710689544677734e-02 2.189729921519756317e-02
-1.916823163628578186e-02 5.696903914213180542e-02 -3.896500682458281517e-03 1.541039906442165375e-02
-3.876072540879249573e-02 1.125241443514823914e-01 1.033823937177658081e-02 1.849708892405033112e-02
-4.901455715298652649e-02 1.028503924608230591e-01 -8.027514442801475525e-03 2.994178049266338348e-02
-5.033864453434944153e-02 1.094468459486961365e-01 2.707581594586372375e-02 2.101854048669338226e-02
-5.163968354463577271e-02 1.106929704546928406e-01 -2.955465018749237061e-02 2.161928452551364899e-02
-8.212446421384811401e-02 7.030537724494934082e-02 1.768262882251292467e-04 5.879612639546394348e-02
-6.267183274030685425e-02 8.742040395736694336e-02 -4.235695581883192062e-03 4.309300705790519714e-02
-6.244552880525588989e-02 9.885165095329284668e-02 -2.234644815325737000e-02 3.262140974402427673e-02
-1.039777919650077820e-01 1.050063744187355042e-01 -2.954724431037902832e-02 2.671911194920539856e-02
-8.851798623800277710e-02 1.063789203763008118e-01 -3.728993982076644897e-02 2.539538033306598663e-02
-6.968832761049270630e-02 1.114461049437522888e-01 -4.151368513703346252e-02 2.014206536114215851e-02
-1.185454800724983215e-01 1.135000437498092651e-01 -2.836660854518413544e-02 1.350021455436944962e-02
-1.228962987661361694e-01 1.110888049006462097e-01 -1.596881821751594543e-02 1.860276050865650177e-02
-8.297597616910934448e-02 7.152803987264633179e-02 -1.226137283083517104e-05 5.811547860503196716e-02
-6.900722533464431763e-02 8.498362451791763306e-02 1.000922173261642456e-02 4.720302671194076538e-02
-1.172234416007995605e-01 1.045268476009368896e-01 -1.232378277927637100e-02 2.593935467302799225e-02
-1.249677091836929321e-01 1.110350638628005981e-01 4.824275150895118713e-03 2.155136503279209137e-02
-1.144418120384216309e-01 1.079158782958984375e-01 2.439717203378677368e-02 2.403138764202594757e-02
-9.680762141942977905e-02 1.084809675812721252e-01 3.790133073925971985e-02 2.460079640150070190e-02
-7.555271685123443604e-02 1.054515764117240906e-01 3.654953464865684509e-02 2.693653665482997894e-02
1.105099916458129883e-03 -6.408744957298040390e-03 6.428176909685134888e-02 5.156173557043075562e-02
2.499396167695522308e-02 -3.490317985415458679e-02 1.313813589513301849e-02 2.110390551388263702e-02
8.305043913424015045e-03 -3.633752092719078064e-02 1.813659071922302246e-02 2.564645186066627502e-02
-6.403137464076280594e-03 -1.110168080776929855e-02 4.103478044271469116e-02 4.524925723671913147e-02
-2.577868849039077759e-02 -3.555079922080039978e-02 1.211952324956655502e-02 1.965784281492233276e-02
1.046653278172016144e-02 -1.226052176207304001e-02 3.798587992787361145e-02 4.154931753873825073e-02
4.052406176924705505e-02 -2.007809467613697052e-02 1.015747431665658951e-02 1.812885887920856476e-02
-6.641463376581668854e-03 -4.352717474102973938e-02 1.152172219008207321e-02 1.952319033443927765e-02
