1.818239252315834165e-04 -1.758233457803726196e-01 5.292468070983886719e-01 8.473175019025802612e-02
-1.596531830728054047e-02 -1.122894063591957092e-01 5.131077766418457031e-01 5.546589195728302002e-02
1.562805846333503723e-02 -1.171184554696083069e-01 5.183094143867492676e-01 6.129930540919303894e-02
-3.013501875102519989e-02 -1.112075820565223694e-01 5.436978340148925781e-01 5.492530763149261475e-02
-8.299686945974826813e-03 -1.125419214367866516e-01 5.681098699569702148e-01 5.604098364710807800e-02
2.906181290745735168e-02 -1.061773523688316345e-01 5.629779100418090820e-01 4.953145980834960938e-02
5.250400304794311523e-02 -8.879069983959197998e-02 5.350990295410156250e-01 2.183656767010688782e-02
4.872586214332841337e-05 -2.188657224178314209e-01 4.720669090747833252e-01 6.584150344133377075e-02
3.984996874351054430e-04 -1.974152922630310059e-01 5.399538278579711914e-01 7.104894518852233887e-02
-4.560340021271258593e-04 -2.206064015626907349e-01 5.095853209495544434e-01 6.829342246055603027e-02
2.923143038060516119e-04 -1.745797842741012573e-01 5.364218950271606445e-01 7.049749046564102173e-02
5.564438761211931705e-04 -1.994649767875671387e-01 4.920361042022705078e-01 6.174178794026374817e-02
1.925840770127251744e-04 -1.593092530965805054e-01 5.213441848754882812e-01 6.146053224802017212e-02
1.810471148928627372e-04 -2.194987982511520386e-01 5.402378439903259277e-01 7.007477432489395142e-02
-5.038760136812925339e-04 -2.186963409185409546e-01 4.508815705776214600e-01 6.295832246541976929e-02
-6.244758260436356068e-04 -2.182045429944992065e-01 3.472987115383148193e-01 5.726776272058486938e-02
-7.919563358882442117e-05 -2.181311398744583130e-01 3.744755089282989502e-01 5.748907104134559631e-02
9.006172331282868981e-05 -2.180821597576141357e-01 4.122222661972045898e-01 6.066822633147239685e-02
-6.053037359379231930e-04 -2.177565991878509521e-01 3.931300938129425049e-01 5.859293788671493530e-02
-1.540477969683706760e-04 -2.174967676401138306e-01 4.350915849208831787e-01 6.160053610801696777e-02
-1.372509403154253960e-03 -2.097651511430740356e-01 4.518362581729888916e-01 5.698979273438453674e-02
1.593606430105865002e-04 -2.178365439176559448e-01 3.231452107429504395e-01 5.574373900890350342e-02
1.301627926295623183e-04 -2.181063145399093628e-01 3.012846708297729492e-01 5.514025315642356873e-02
-1.228541659656912088e-04 -2.176332175731658936e-01 2.798402011394500732e-01 5.566701665520668030e-02
-3.750962787307798862e-04 -2.177707105875015259e-01 2.566028535366058350e-01 5.611964687705039978e-02
-4.903343869955278933e-05 -2.174976617097854614e-01 2.386383265256881714e-01 5.640743300318717957e-02
2.347219851799309254e-04 -2.183656841516494751e-01 2.122361660003662109e-01 5.846887081861495972e-02
1.708919444354251027e-04 -2.174046337604522705e-01 2.249913364648818970e-01 5.749057605862617493e-02
-1.397670275764539838e-04 -2.163515090942382812e-01 2.026764601469039917e-01 5.785046517848968506e-02
-1.576920913066715002e-04 -2.175235748291015625e-01 1.376864612102508545e-01 6.595190614461898804e-02
-1.141479806392453611e-04 -2.181831151247024536e-01 1.503428965806961060e-01 6.402291357517242432e-02
2.969811030197888613e-04 -2.179883718490600586e-01 1.794144660234451294e-01 6.100100278854370117e-02
3.672820166684687138e-04 -2.172132879495620728e-01 1.942899674177169800e-01 5.923920124769210815e-02
-2.531811878725420684e-05 -2.182593196630477905e-01 1.912339776754379272e-01 5.970092862844467163e-02
-2.880731481127440929e-04 -2.174565196037292480e-01 1.626390069723129272e-01 6.273904442787170410e-02
-7.153896876843646169e-05 -2.191703021526336670e-01 1.604044735431671143e-01 6.205680221319198608e-02
5.421231035143136978e-03 -2.127240151166915894e-01 1.426330506801605225e-01 5.802614241838455200e-02
1.765115594025701284e-04 -2.178222835063934326e-01 1.082320585846900940e-01 7.077743113040924072e-02
-9.158479952020570636e-05 -2.183251231908798218e-01 7.622314989566802979e-02 7.378429919481277466e-02
4.372134862933307886e-04 -2.186579257249832153e-01 4.504633694887161255e-02 7.783284038305282593e-02
4.208692116662859917e-04 -1.992683261632919312e-01 4.658009484410285950e-02 7.363736629486083984e-02
1.817496959120035172e-04 -1.828350722789764404e-01 5.154522135853767395e-02 6.172668188810348511e-02
-2.218253794126212597e-04 -2.158385217189788818e-01 2.829293254762887955e-03 8.565478771924972534e-02
3.635799512267112732e-04 -1.891985833644866943e-01 4.375237971544265747e-02 8.322663605213165283e-02
3.057680651545524597e-02 -1.515894085168838501e-01 4.060019925236701965e-02 4.504199326038360596e-02
-4.485946148633956909e-02 -1.419507265090942383e-01 3.650929406285285950e-02 3.840060532093048096e-02
-5.982388928532600403e-02 -1.390078067779541016e-01 5.674552638083696365e-03 3.077794611454010010e-02
-4.189939424395561218e-02 -1.407393962144851685e-01 -4.050408303737640381e-02 3.472967445850372314e-02
-1.125921215862035751e-02 -1.437422186136245728e-01 -5.369739606976509094e-02 3.923532366752624512e-02
-4.033727943897247314e-02 -1.561807990074157715e-01 -1.414133142679929733e-02 5.251347273588180542e-02
-1.163010965683497488e-04 -2.077966630458831787e-01 8.683539927005767822e-04 8.774339407682418823e-02
1.960674417205154896e-04 -1.860112696886062622e-01 3.489101678133010864e-02 8.204650133848190308e-02
-2.312056720256805420e-02 -1.742260456085205078e-01 -9.732910431921482086e-03 6.851263344287872314e-02
4.705116152763366699e-02 -1.446558833122253418e-01 2.965711988508701324e-02 3.888795524835586548e-02
-8.482757024466991425e-03 -1.616095602512359619e-01 -3.685827180743217468e-02 5.302930623292922974e-02
5.519266054034233093e-02 -1.437143683433532715e-01 -1.102750306017696857e-03 3.899476677179336548e-02
4.171620309352874756e-02 -1.465581953525543213e-01 -3.309516981244087219e-02 4.239019751548767090e-02
1.485976111143827438e-02 -1.532806903123855591e-01 -4.366552084684371948e-02 4.890359193086624146e-02
