-1.558159943670034409e-02 -1.374589093029499054e-02 6.785457371734082699e-04 6.268718838691711426e-02
-6.766878999769687653e-03 6.102150073274970055e-04 1.903231463984411675e-06 6.476598978042602539e-02
1.047991309314966202e-02 -3.117236122488975525e-02 -1.246759016066789627e-02 4.583122581243515015e-02
1.377159543335437775e-02 -4.726741090416908264e-02 2.690930292010307312e-02 2.738784253597259521e-02
-6.173792295157909393e-03 -4.206743836402893066e-02 -2.430916205048561096e-02 3.508603200316429138e-02
-8.639019913971424103e-03 -4.205281287431716919e-02 2.378080226480960846e-02 3.338367864489555359e-02
2.748933248221874237e-02 -4.645604640245437622e-02 1.299126446247100830e-02 2.553516253829002380e-02
3.294087573885917664e-02 -5.163418874144554138e-02 -6.181902252137660980e-03 2.109122648835182190e-02
-1.380531340837478638e-01 2.467306912876665592e-04 5.301786586642265320e-05 4.946709796786308289e-02
-2.176906764507293701e-01 1.460116764064878225e-04 1.310770039708586410e-05 4.771834239363670349e-02
-1.514425724744796753e-01 -1.007380997180007398e-04 9.015756404551211745e-06 4.866664111614227295e-02
-1.969979405403137207e-01 4.640610131900757551e-05 5.983224036754108965e-05 4.756303504109382629e-02
-2.092986851930618286e-01 1.408611278748139739e-04 -8.251715189544484019e-05 4.737599194049835205e-02
-1.834900230169296265e-01 1.086053525796160102e-04 -4.373546835267916322e-05 4.791873693466186523e-02
-1.725819855928421021e-01 -9.002452861750498414e-05 1.276646071346476674e-04 4.814120754599571228e-02
-1.611434221267700195e-01 1.245199382537975907e-04 -2.968565095216035843e-04 4.848895221948623657e-02
-2.317626327276229858e-01 4.439215699676424265e-04 6.781019692425616086e-07 4.798496142029762268e-02
-3.031045496463775635e-01 2.495509979780763388e-04 -1.283470046473667026e-04 4.958554729819297791e-02
-2.879976630210876465e-01 1.451011194149032235e-04 -1.708477357169613242e-04 4.895348101854324341e-02
-2.704848051071166992e-01 2.907045418396592140e-04 2.584159665275365114e-04 4.858153313398361206e-02
-2.427157163619995117e-01 -2.442124423396307975e-05 6.262785609578713775e-05 4.812783375382423401e-02
-2.571660876274108887e-01 1.251567155122756958e-04 1.703117450233548880e-04 4.823601618409156799e-02
-4.419849440455436707e-02 5.567519692704081535e-04 -2.156851405743509531e-04 5.535252019762992859e-02
-6.208712607622146606e-02 4.156588984187692404e-04 9.098861482925713062e-05 5.375095456838607788e-02
-8.169631659984588623e-02 3.105195646639913321e-04 -1.765714841894805431e-05 5.229460448026657104e-02
-1.022807285189628601e-01 3.932818071916699409e-05 6.598538675461895764e-06 5.107654631137847900e-02
-1.127461567521095276e-01 -2.023011120400042273e-06 -2.638188307173550129e-04 4.965718463063240051e-02
-4.239790141582489014e-02 -1.089096907526254654e-02 1.665206655161455274e-04 4.913252592086791992e-02
-1.221654638648033142e-01 3.705231647472828627e-04 -1.773824078554753214e-05 5.012170597910881042e-02
-3.284353911876678467e-01 4.198860260657966137e-04 -6.822499562986195087e-04 5.430348217487335205e-02
-3.514570295810699463e-01 1.524369977414608002e-02 2.076626522466540337e-03 4.067121818661689758e-02
-3.623332679271697998e-01 2.138811349868774414e-02 -1.718767918646335602e-02 2.715095505118370056e-02
-3.759163320064544678e-01 3.364665806293487549e-02 2.503727562725543976e-02 1.661609299480915070e-02
-3.773014843463897705e-01 4.089941456913948059e-02 1.224265433847904205e-02 1.527290605008602142e-02
-3.764900863170623779e-01 4.080070555210113525e-02 -9.721484035253524780e-03 1.694159768521785736e-02
-3.785218298435211182e-01 4.322580993175506592e-02 -1.706833427306264639e-04 1.239569950848817825e-02
-3.800658881664276123e-01 3.760028257966041565e-02 -2.551235072314739227e-02 1.296989060938358307e-02
-3.339885771274566650e-01 -5.180556327104568481e-04 9.298188388129347004e-07 5.582332611083984375e-02
-3.515703082084655762e-01 -1.216333545744419098e-02 -9.845033288002014160e-03 3.987731784582138062e-02
-3.629089593887329102e-01 -2.360644750297069550e-02 1.300938893109560013e-02 2.773907966911792755e-02
-3.719859719276428223e-01 -3.707637637853622437e-02 -4.169477149844169617e-03 2.229428105056285858e-02
-3.786844909191131592e-01 -4.324594512581825256e-02 1.089282706379890442e-02 1.404138933867216110e-02
-3.774910569190979004e-01 -2.858527936041355133e-02 -3.251146525144577026e-02 1.319637987762689590e-02
-3.770642280578613281e-01 -3.627944365143775940e-02 -2.263691462576389313e-02 1.478397846221923828e-02
-3.771772682666778564e-01 -3.451949357986450195e-02 2.520583383738994598e-02 1.530463341623544693e-02
-3.264861106872558594e-01 -8.742139907553792000e-04 5.953235086053609848e-04 5.340175330638885498e-02
-3.460277318954467773e-01 5.320643074810504913e-03 9.447192773222923279e-03 4.302657768130302429e-02
-3.563013374805450439e-01 -5.171724129468202591e-03 2.023426629602909088e-02 3.483464941382408142e-02
-3.661054074764251709e-01 1.519766822457313538e-02 2.812337502837181091e-02 2.542130462825298309e-02
-3.761446475982666016e-01 -2.262084372341632843e-02 3.607737645506858826e-02 1.682207547128200531e-02
-3.809948861598968506e-01 2.978026680648326874e-02 3.667880967259407043e-02 1.037729624658823013e-02
-3.774300217628479004e-01 -4.481969401240348816e-03 4.287344589829444885e-02 1.575311832129955292e-02
-3.795281648635864258e-01 1.524450257420539856e-02 4.312875494360923767e-02 1.214685104787349701e-02
-3.221929967403411865e-01 2.885368594434112310e-04 -7.275824318639934063e-04 5.153776332736015320e-02
-3.473407030105590820e-01 -5.063902586698532104e-03 -1.075684372335672379e-02 4.280973225831985474e-02
-3.533950150012969971e-01 9.510320611298084259e-03 -1.617246493697166443e-02 3.598638996481895447e-02
-3.752048611640930176e-01 -1.966917514801025391e-02 -3.603988140821456909e-02 1.723485998809337616e-02
-3.619319796562194824e-01 4.838990571442991495e-04 -2.615776658058166504e-02 2.873858436942100525e-02
-3.763287663459777832e-01 2.272424660623073578e-02 -3.594196215271949768e-02 1.633006893098354340e-02
-3.786084949970245361e-01 5.893970839679241180e-03 -4.411610588431358337e-02 1.333813183009624481e-02
-3.771512508392333984e-01 -1.190101448446512222e-02 -4.120076447725296021e-02 1.429453678429126740e-02
