-1.192602142691612244e-02 3.552759438753128052e-02 -1.960166171193122864e-02 6.602470297366380692e-03
-2.914972417056560516e-02 2.228597924113273621e-02 -1.949420664459466934e-03 3.269243985414505005e-02
-2.031597495079040527e-02 3.242915123701095581e-02 6.164589896798133850e-03 1.865089498460292816e-02
-5.097877234220504761e-02 3.520083427429199219e-02 -1.304305251687765121e-02 1.233878824859857559e-02
-5.040620639920234680e-02 3.597059100866317749e-02 9.501745924353599548e-03 1.254124846309423447e-02
-5.387400835752487183e-02 4.022862389683723450e-02 3.597290953621268272e-03 9.033980779349803925e-03
-5.094626918435096741e-02 3.696808218955993652e-02 -5.494443699717521667e-03 1.300121564418077469e-02
-2.989887818694114685e-02 1.110101398080587387e-02 1.148088648915290833e-02 3.249317407608032227e-02
-2.365926466882228851e-02 1.260463986545801163e-02 2.162740379571914673e-02 2.607964538037776947e-02
-2.014764025807380676e-02 2.410268411040306091e-02 1.656736433506011963e-02 2.099380269646644592e-02
-4.825222864747047424e-02 2.088349126279354095e-02 2.869786322116851807e-02 1.499626692384481430e-02
-5.508704483509063721e-02 3.139702975749969482e-02 2.754521556198596954e-02 7.788561750203371048e-03
-4.859232529997825623e-02 3.181851282715797424e-02 1.490050274878740311e-02 1.631458476185798645e-02
-4.036215692758560181e-02 8.998186327517032623e-03 2.578848600387573242e-02 1.986745372414588928e-02
-5.149004235863685608e-02 1.469285693019628525e-02 3.570705279707908630e-02 1.263940893113613129e-02
-3.081885911524295807e-02 -2.859030617401003838e-03 1.713081635534763336e-02 3.337054327130317688e-02
-4.828633740544319153e-02 -2.020026557147502899e-02 2.899215929210186005e-02 1.588017120957374573e-02
-5.382361263036727905e-02 1.762221916578710079e-03 4.012638702988624573e-02 1.046907156705856323e-02
-2.020312659442424774e-02 -1.207115035504102707e-02 2.605115436017513275e-02 2.267738059163093567e-02
-1.840048469603061676e-02 2.736130030825734138e-03 3.001180104911327362e-02 1.994865573942661285e-02
-5.323822051286697388e-02 -1.141012366861104965e-02 3.838751465082168579e-02 1.062398683279752731e-02
-3.057466447353363037e-02 -1.575493812561035156e-02 6.631942931562662125e-03 3.291380032896995544e-02
-5.097515881061553955e-02 -2.900189720094203949e-02 2.371174469590187073e-02 1.234854850918054581e-02
-4.934757202863693237e-02 -3.566684573888778687e-02 4.021892091259360313e-04 1.580071263015270233e-02
-2.607150748372077942e-02 -5.179074406623840332e-02 -2.746080863289535046e-04 4.312422592192888260e-03
-2.027033641934394836e-02 -2.434454113245010376e-02 1.555790007114410400e-02 2.177297137677669525e-02
-2.107018977403640747e-02 -2.931460738182067871e-02 2.135884715244174004e-03 2.228253521025180817e-02
-5.371718108654022217e-02 -3.724541515111923218e-02 1.531940139830112457e-02 1.006718724966049194e-02
-1.804656535387039185e-02 -2.994071692228317261e-02 -1.108724251389503479e-02 1.808818429708480835e-02
-3.044844605028629303e-02 -1.750759407877922058e-02 -2.728426363319158554e-03 3.323464468121528625e-02
-3.749861568212509155e-02 -1.763135008513927460e-02 -1.635538786649703979e-02 2.427018247544765472e-02
-2.304264158010482788e-02 -1.725348457694053650e-02 -1.788206771016120911e-02 2.602557092905044556e-02
-4.816217720508575439e-02 -3.353872895240783691e-02 -9.477219544351100922e-03 1.598269306123256683e-02
-4.926288872957229614e-02 -2.383933588862419128e-02 -2.724956534802913666e-02 1.488593406975269318e-02
-5.459248647093772888e-02 -3.526759520173072815e-02 -2.073944173753261566e-02 9.357968345284461975e-03
-2.990652620792388916e-02 -8.213032851926982403e-04 -1.552878413349390030e-02 3.418975323438644409e-02
-2.323342859745025635e-02 -8.998856879770755768e-03 -2.353769727051258087e-02 2.555680274963378906e-02
-1.736636832356452942e-02 1.757347723469138145e-03 -3.183727338910102844e-02 1.669433526694774628e-02
-5.219768360257148743e-02 -7.647554855793714523e-03 -3.792929276823997498e-02 1.115078758448362350e-02
-5.214154347777366638e-02 2.396199153736233711e-03 -3.820042684674263000e-02 1.150078792124986649e-02
-1.689853519201278687e-02 -7.857579737901687622e-03 -3.252947330474853516e-02 1.531693898141384125e-02
-4.706900939345359802e-02 -1.490137539803981781e-02 -3.080499917268753052e-02 1.707189157605171204e-02
-2.090357989072799683e-02 1.214231830090284348e-02 -2.563727647066116333e-02 2.218198776245117188e-02
-2.989880181849002838e-02 1.203706953674554825e-02 -1.124418526887893677e-02 3.350061923265457153e-02
-5.107297748327255249e-02 2.966436743736267090e-02 -2.324545383453369141e-02 1.332079432904720306e-02
-5.270605534315109253e-02 2.143024653196334839e-02 -3.324469923973083496e-02 1.055868435651063919e-02
-4.534320533275604248e-02 8.951173163950443268e-03 -3.101431205868721008e-02 2.022837102413177490e-02
-1.775675825774669647e-02 2.427270635962486267e-02 -2.135480009019374847e-02 1.719854213297367096e-02
-2.607944793999195099e-02 5.465061590075492859e-02 8.086847083177417517e-05 5.595030728727579117e-03
-2.590157464146614075e-02 5.803655833005905151e-02 -1.684439484961330891e-04 5.643154028803110123e-03
-2.352132461965084076e-02 6.080127134919166565e-02 -2.068478381261229515e-03 2.672287169843912125e-03
-2.995691075921058655e-02 6.171843409538269043e-02 4.618696693796664476e-04 1.752298441715538502e-03
-2.240838855504989624e-02 6.163571774959564209e-02 2.314234618097543716e-03 1.588232582435011864e-03
-2.888175286352634430e-02 6.141825020313262939e-02 3.449683310464024544e-03 1.354099716991186142e-03
-2.834721095860004425e-02 6.080495566129684448e-02 -2.694748574867844582e-03 2.458178903907537460e-03
