-5.546075478196144104e-02 1.226635742932558060e-02 4.287048429250717163e-02 5.254011601209640503e-02
-8.231776952743530273e-02 4.879950080066919327e-03 1.932400837540626526e-02 2.513903751969337463e-02
-7.758967578411102295e-02 3.781741484999656677e-02 2.138224430382251740e-02 3.116816841065883636e-02
-5.475131422281265259e-02 5.933426693081855774e-02 1.543881557881832123e-02 2.343182824552059174e-02
-4.984022304415702820e-02 4.514005780220031738e-02 7.709666341543197632e-02 1.427021343261003494e-02
-8.462221920490264893e-02 3.585768491029739380e-02 5.485834181308746338e-02 2.268778532743453979e-02
-3.077032975852489471e-02 5.209505930542945862e-02 3.151147812604904175e-02 2.785588055849075317e-02
-5.660576745867729187e-02 -1.271137781441211700e-02 4.514922574162483215e-02 4.915368929505348206e-02
-4.278897121548652649e-02 -3.651249036192893982e-02 6.374350935220718384e-02 3.019462339580059052e-02
-8.027034997940063477e-02 -1.670409925282001495e-02 2.243693917989730835e-02 2.658350020647048950e-02
-2.361188828945159912e-02 -8.805396035313606262e-03 4.520982131361961365e-02 4.207396879792213440e-02
-5.711190402507781982e-02 -5.808976292610168457e-02 1.407237071543931961e-02 2.204180322587490082e-02
-8.661105483770370483e-02 -4.489541053771972656e-02 2.501983381807804108e-02 2.049837075173854828e-02
-7.905128598213195801e-02 -3.819045051932334900e-02 2.056100592017173767e-02 2.973785437643527985e-02
-8.030570298433303833e-02 -3.190160170197486877e-02 5.307457596063613892e-02 2.689968608319759369e-02
7.641741540282964706e-03 -4.127607122063636780e-02 4.545589908957481384e-02 5.212811753153800964e-02
-1.297948881983757019e-02 -1.757871918380260468e-02 4.521808773279190063e-02 4.653850570321083069e-02
-1.863433606922626495e-02 -4.882482066750526428e-02 3.388425335288047791e-02 4.044191166758537292e-02
-8.831516839563846588e-03 -7.440482825040817261e-02 2.112192101776599884e-02 3.014168329536914825e-02
1.213665027171373367e-02 -8.208830654621124268e-02 1.386321708559989929e-02 2.213755063712596893e-02
-4.329866543412208557e-02 -6.719529628753662109e-02 1.864695362746715546e-02 2.537605725228786469e-02
-2.645287476480007172e-02 -7.614321261644363403e-02 1.933843269944190979e-02 2.561433613300323486e-02
-1.794279739260673523e-02 -5.222187191247940063e-02 6.270213425159454346e-02 3.443871065974235535e-02
-1.183930970728397369e-02 1.853080466389656067e-02 4.518330097198486328e-02 4.718877747654914856e-02
-2.137209847569465637e-02 5.551068484783172607e-02 6.795413792133331299e-02 2.515096403658390045e-02
-2.157525857910513878e-03 5.715417861938476562e-02 6.630442291498184204e-02 2.680405974388122559e-02
-1.515148393809795380e-02 5.130118876695632935e-02 3.416919708251953125e-02 3.917121887207031250e-02
8.471202454529702663e-04 8.121240884065628052e-02 1.750526577234268188e-02 2.320078946650028229e-02
-3.451589122414588928e-02 4.659475013613700867e-02 6.679230928421020508e-02 2.557584084570407867e-02
-1.820413954555988312e-02 8.177533000707626343e-02 1.263683382421731949e-02 2.042163722217082977e-02
-3.788398206233978271e-02 7.297574728727340698e-02 1.703677698969841003e-02 2.259937115013599396e-02
1.559000741690397263e-02 5.635082349181175232e-02 6.656980514526367188e-02 2.661057189106941223e-02
3.182440996170043945e-02 1.598288118839263916e-02 4.518967494368553162e-02 5.165908858180046082e-02
3.958309441804885864e-02 4.290704429149627686e-02 6.652172654867172241e-02 3.057260066270828247e-02
3.440421819686889648e-02 7.838780432939529419e-02 1.223030593246221542e-02 1.838912256062030792e-02
1.673814654350280762e-02 8.128654211759567261e-02 1.471185218542814255e-02 2.082887850701808929e-02
3.304359316825866699e-02 5.608297511935234070e-02 2.894182316958904266e-02 3.145142272114753723e-02
8.933201432228088379e-03 5.744630843400955200e-02 3.287626057863235474e-02 3.449279442429542542e-02
5.326180160045623779e-02 6.933376193046569824e-02 9.934944100677967072e-03 1.635859720408916473e-02
1.232764683663845062e-02 -7.558349054306745529e-03 4.525271430611610413e-02 4.748038202524185181e-02
4.881512373685836792e-02 -1.204802282154560089e-02 3.818667307496070862e-02 3.723162412643432617e-02
2.986450493335723877e-02 -4.866496846079826355e-02 6.535904109477996826e-02 2.802335284650325775e-02
5.182205513119697571e-02 1.812127418816089630e-02 6.252824515104293823e-02 3.279032930731773376e-02
7.672636955976486206e-02 -2.926311455667018890e-02 1.552555523812770844e-02 2.299762703478336334e-02
8.224236965179443359e-02 -9.543122723698616028e-03 1.515226345509290695e-02 2.093468792736530304e-02
5.626136809587478638e-02 -1.013999711722135544e-02 6.611375510692596436e-02 2.901714667677879333e-02
4.715257883071899414e-02 -3.643303737044334412e-02 6.907288730144500732e-02 2.587377838790416718e-02
1.944021321833133698e-02 -3.695434331893920898e-02 4.421181231737136841e-02 4.430846497416496277e-02
2.458041720092296600e-02 -6.138872727751731873e-02 2.826574631035327911e-02 3.131314739584922791e-02
4.548331722617149353e-02 -2.604705654084682465e-02 3.677814453840255737e-02 3.821321576833724976e-02
7.072725147008895874e-02 -4.082679748535156250e-02 1.596442610025405884e-02 2.219536527991294861e-02
7.384559512138366699e-02 -5.448840931057929993e-02 2.957116812467575073e-03 5.415508523583412170e-03
5.786265060305595398e-02 -5.960408970713615417e-02 1.273194700479507446e-02 1.937905140221118927e-02
3.158714622259140015e-02 -7.599391043186187744e-02 1.671277917921543121e-02 2.259156107902526855e-02
4.694113135337829590e-02 -6.842961162328720093e-02 1.534598972648382187e-02 2.165665104985237122e-02
3.472439572215080261e-02 2.193371020257472992e-02 4.518351331353187561e-02 4.865277186036109924e-02
5.978440120816230774e-02 1.550841843709349632e-03 2.930391021072864532e-02 3.709525614976882935e-02
4.740519449114799500e-02 5.364117026329040527e-02 2.213014848530292511e-02 2.824104949831962585e-02
6.887958943843841553e-02 3.846258297562599182e-02 2.438361011445522308e-02 1.397926639765501022e-02
8.266105502843856812e-02 1.249347720295190811e-02 1.300903316587209702e-02 1.932947151362895966e-02
7.797475904226303101e-02 2.725153416395187378e-02 1.584333367645740509e-02 2.148886956274509430e-02
6.504309922456741333e-02 5.922970548272132874e-02 6.717838346958160400e-03 1.154914498329162598e-02
6.979228556156158447e-02 4.552115499973297119e-02 1.375102065503597260e-02 1.962286420166492462e-02
