3.660758957266807556e-02 -8.886326395440846682e-05 2.003798290388658643e-04 5.733489990234375000e-02
8.381778001785278320e-02 -2.196959592401981354e-02 -2.278419584035873413e-02 2.544040791690349579e-02
7.752450555562973022e-02 1.126719071180559695e-04 -2.541063167154788971e-02 3.167753666639328003e-02
8.068286627531051636e-02 1.691296510398387909e-02 -2.356691099703311920e-02 2.792375907301902771e-02
8.483564108610153198e-02 3.148844465613365173e-02 -4.207750782370567322e-03 2.375409007072448730e-02
8.355364203453063965e-02 2.601972036063671112e-02 1.699497923254966736e-02 2.426358498632907867e-02
7.994738221168518066e-02 9.897905401885509491e-03 2.659222669899463654e-02 2.775727212429046631e-02
8.809822797775268555e-02 -1.296810433268547058e-02 3.320023417472839355e-02 1.993406563997268677e-02
8.050640113651752472e-03 -9.791419142857193947e-04 2.103253500536084175e-04 5.822565034031867981e-02
-6.362352054566144943e-03 -5.627445643767714500e-04 4.375418211566284299e-05 5.223357304930686951e-02
1.881601475179195404e-02 -7.850643596611917019e-04 2.349807327846065164e-04 5.780617520213127136e-02
-2.828399650752544403e-03 1.183042582124471664e-02 6.414389304154610727e-07 5.296727642416954041e-02
2.401457633823156357e-03 4.049453884363174438e-02 4.068262409418821335e-03 4.639099165797233582e-02
1.702784933149814606e-02 6.229982897639274597e-02 1.677062921226024628e-02 2.513549290597438812e-02
-6.654477212578058243e-03 5.924791097640991211e-02 2.005353383719921112e-02 2.883299440145492554e-02
8.623186498880386353e-03 7.527144253253936768e-02 3.560207039117813110e-02 1.428163703531026840e-02
1.108603086322546005e-02 6.945566087961196899e-02 2.878864295780658722e-02 2.000863663852214813e-02
-1.009282469749450684e-02 8.038653433322906494e-02 4.020395502448081970e-02 7.679465692490339279e-03
-1.672697812318801880e-02 7.716003805398941040e-02 3.438433632254600525e-02 1.129777263849973679e-02
-1.003853278234601021e-03 7.872739434242248535e-02 3.950013220310211182e-02 1.034693606197834015e-02
8.874827763065695763e-04 2.563313581049442291e-02 1.795722637325525284e-04 5.567268654704093933e-02
3.681750223040580750e-02 4.129299428313970566e-03 1.687804906396195292e-04 5.696689710021018982e-02
9.543954394757747650e-03 3.675432875752449036e-02 5.087819881737232208e-04 4.999724030494689941e-02
1.884948462247848511e-02 7.285916805267333984e-02 2.809259295463562012e-02 1.904941909015178680e-02
3.365940973162651062e-02 7.744502276182174683e-02 1.957696676254272461e-02 1.292886305600404739e-02
2.936354652047157288e-02 6.463312357664108276e-02 -7.139795925468206406e-04 2.775506302714347839e-02
2.349385432898998260e-02 6.582905352115631104e-02 -1.599347963929176331e-02 2.669050358235836029e-02
1.951170153915882111e-02 7.789246737957000732e-02 -3.348775207996368408e-02 1.158802397549152374e-02
4.759290814399719238e-02 2.117056137649342418e-04 1.283783603867050260e-05 5.871757864952087402e-02
7.218455523252487183e-02 5.796687211841344833e-03 2.041193470358848572e-02 3.436109796166419983e-02
6.550034135580062866e-02 -8.307723328471183777e-03 -1.275953743606805801e-02 4.149351269006729126e-02
8.181565254926681519e-02 -2.636761404573917389e-02 -1.234897878021001816e-02 2.551833167672157288e-02
9.032218158245086670e-02 -3.711228072643280029e-02 3.127934411168098450e-03 1.527392584830522537e-02
8.577405661344528198e-02 -1.653772220015525818e-02 2.886386960744857788e-02 1.918419077992439270e-02
8.483483642339706421e-02 -2.591781690716743469e-02 1.859604194760322571e-02 2.228108234703540802e-02
-6.916128564625978470e-03 3.801077976822853088e-02 3.233217576052993536e-04 4.524268582463264465e-02
-1.482751499861478806e-02 5.973803624510765076e-02 1.581722497940063477e-02 2.748665027320384979e-02
-1.567178219556808472e-02 4.854312539100646973e-02 3.947042394429445267e-03 3.480245545506477356e-02
-2.261789515614509583e-02 6.100767478346824646e-02 8.973347023129463196e-03 2.517698146402835846e-02
-3.806279227137565613e-02 7.684725522994995117e-02 4.427450243383646011e-03 1.197613961994647980e-02
-3.298081830143928528e-02 7.495687156915664673e-02 1.700768060982227325e-02 1.378245465457439423e-02
-2.245421335101127625e-02 7.909258455038070679e-02 3.355555608868598938e-02 9.273948147892951965e-03
-2.875882387161254883e-02 7.593276351690292358e-02 2.435853891074657440e-02 1.244300045073032379e-02
-1.450496818870306015e-02 5.427249148488044739e-02 -9.964765980839729309e-03 3.479408100247383118e-02
-2.523705735802650452e-02 6.166124343872070312e-02 1.526309293694794178e-03 2.545152977108955383e-02
-1.319441106170415878e-02 4.771428927779197693e-02 -4.229443147778511047e-03 3.738775849342346191e-02
-3.679033368825912476e-02 7.520464807748794556e-02 -3.273822832852602005e-03 1.364541891962289810e-02
-3.750301152467727661e-02 7.860641181468963623e-02 -1.491964794695377350e-02 1.010484434664249420e-02
-3.117434680461883545e-02 7.924312353134155273e-02 -2.565100975334644318e-02 9.644046425819396973e-03
-2.710687741637229919e-02 8.359151333570480347e-02 -3.503711521625518799e-02 3.137538908049464226e-03
3.537984564900398254e-03 4.554899409413337708e-02 -8.254702202975749969e-03 4.184635728597640991e-02
-1.617918163537979126e-02 6.271294504404067993e-02 -1.879302598536014557e-02 2.593620307743549347e-02
9.523074142634868622e-03 6.582511216402053833e-02 -2.503888309001922607e-02 2.219508029520511627e-02
-1.844736561179161072e-02 7.829592376947402954e-02 -3.475463017821311951e-02 1.036346144974231720e-02
-3.742229659110307693e-03 6.309500336647033691e-02 -2.393869310617446899e-02 2.382070384919643402e-02
1.009051781147718430e-02 7.612296938896179199e-02 -3.605140000581741333e-02 1.255153026431798935e-02
7.136762142181396484e-04 8.006201684474945068e-02 -4.114726930856704712e-02 8.849282748997211456e-03
-9.793497622013092041e-03 7.676359266042709351e-02 -3.666334599256515503e-02 1.196557562798261642e-02
