1.767234934959560633e-04 1.370021374896168709e-03 8.474131673574447632e-02 8.084980398416519165e-02
-1.128832300310023129e-04 1.590343890711665154e-03 1.093869358301162720e-01 7.980118691921234131e-02
2.404149807989597321e-02 3.247966058552265167e-03 1.400291770696640015e-01 6.126084178686141968e-02
1.913072355091571808e-02 2.193928696215152740e-02 1.440238952636718750e-01 5.639277771115303040e-02
2.171369502320885658e-03 2.439769729971885681e-02 1.402358412742614746e-01 6.091983988881111145e-02
-2.190496772527694702e-02 8.566481992602348328e-03 1.390306651592254639e-01 6.154469773173332214e-02
-1.640509068965911865e-02 2.565122582018375397e-02 1.431156992912292480e-01 5.603631585836410522e-02
-3.065256401896476746e-02 1.919815316796302795e-03 1.449322104454040527e-01 5.300007387995719910e-02
-1.102224341593682766e-03 -6.096336990594863892e-03 3.266288712620735168e-02 8.213519304990768433e-02
4.153151065111160278e-02 -2.725470811128616333e-02 -1.246217545121908188e-02 3.929693624377250671e-02
-3.595356643199920654e-02 -3.687217459082603455e-02 -1.481393631547689438e-02 3.636935353279113770e-02
3.153108060359954834e-02 -4.418070241808891296e-02 -1.852754317224025726e-02 3.325742110610008240e-02
-3.521918086335062981e-03 -3.909244015812873840e-02 -1.718712039291858673e-03 4.414894059300422668e-02
1.368665508925914764e-02 -5.070457980036735535e-02 -1.583413407206535339e-02 3.493303433060646057e-02
-8.052026852965354919e-03 -5.625758320093154907e-02 -2.115564607083797455e-02 2.890031412243843079e-02
-2.801431156694889069e-02 -5.412193760275840759e-02 -2.672699652612209320e-02 2.280762605369091034e-02
-8.897724328562617302e-04 -2.330966107547283173e-02 6.479061394929885864e-02 8.254399150609970093e-02
3.377470711711794138e-04 -5.444645136594772339e-02 8.858919143676757812e-02 7.149208337068557739e-02
4.232319071888923645e-02 -9.501922875642776489e-02 8.031136542558670044e-02 3.137101978063583374e-02
-2.927036397159099579e-02 -1.016136407852172852e-01 6.312502175569534302e-02 2.500651031732559204e-02
8.638231083750724792e-03 -9.801813960075378418e-02 5.663167312741279602e-02 2.989354170858860016e-02
3.800689429044723511e-02 -1.085426956415176392e-01 6.034937500953674316e-02 1.984944380819797516e-02
-1.370328757911920547e-02 -9.873767942190170288e-02 5.788568034768104553e-02 2.775028534233570099e-02
-4.100714251399040222e-02 -1.056014448404312134e-01 6.583164632320404053e-02 1.847946271300315857e-02
2.234711078926920891e-03 -1.875523477792739868e-02 1.207375526428222656e-01 8.714832365512847900e-02
1.672841608524322510e-02 -5.738732218742370605e-02 1.313311010599136353e-01 6.492838263511657715e-02
2.693690173327922821e-02 -6.722559779882431030e-02 1.122259572148323059e-01 5.487424880266189575e-02
3.926755860447883606e-02 -9.346415102481842041e-02 1.559370905160903931e-01 3.469619899988174438e-02
5.733885616064071655e-02 -9.788704663515090942e-02 1.235370412468910217e-01 3.190693259239196777e-02
5.897066369652748108e-02 -1.060013696551322937e-01 1.490504592657089233e-01 1.986081153154373169e-02
4.881304129958152771e-02 -9.635029733180999756e-02 8.657408505678176880e-02 3.077596239745616913e-02
6.089494377374649048e-02 -1.030988842248916626e-01 9.815227240324020386e-02 2.222071029245853424e-02
-1.772328512743115425e-03 -1.847015134990215302e-02 1.205236911773681641e-01 8.730773627758026123e-02
-9.929538704454898834e-03 -1.064046993851661682e-01 1.833363324403762817e-01 1.810577139258384705e-02
-5.509532988071441650e-03 -6.053369119763374329e-02 1.385851800441741943e-01 6.624017655849456787e-02
9.262925013899803162e-03 -4.824014008045196533e-02 1.277965009212493896e-01 7.122546434402465820e-02
2.784226648509502411e-02 -9.550225734710693359e-02 1.655913591384887695e-01 3.337923437356948853e-02
-3.172856196761131287e-02 -1.072043776512145996e-01 1.767061650753021240e-01 2.063104137778282166e-02
1.212137844413518906e-02 -1.025854200124740601e-01 1.790124624967575073e-01 2.493460103869438171e-02
-5.595181719399988651e-04 -3.865611180663108826e-02 1.190303266048431396e-01 8.950407058000564575e-02
-3.492739796638488770e-02 -9.224680066108703613e-02 1.573486477136611938e-01 3.603392094373703003e-02
-2.327182888984680176e-02 -6.731002777814865112e-02 9.810117632150650024e-02 5.642639845609664917e-02
-3.614174202084541321e-02 -7.776564359664916992e-02 1.352341473102569580e-01 4.119206219911575317e-02
-5.752903595566749573e-02 -9.768682718276977539e-02 1.163614094257354736e-01 3.239431604743003845e-02
-5.296856164932250977e-02 -9.690154343843460083e-02 9.268713742494583130e-02 3.094081953167915344e-02
-5.591751262545585632e-02 -1.029937565326690674e-01 1.485553681850433350e-01 2.658222429454326630e-02
-5.109321326017379761e-02 -1.075751781463623047e-01 7.215085625648498535e-02 1.733402535319328308e-02
-2.259935135953128338e-04 5.835547344759106636e-04 4.983935877680778503e-02 8.166120946407318115e-02
2.562100253999233246e-02 3.955632273573428392e-04 1.173886470496654510e-02 5.921080335974693298e-02
1.077917125076055527e-02 1.903258264064788818e-02 1.733255386352539062e-02 6.346181780099868774e-02
5.957366898655891418e-02 -1.639640703797340393e-02 -2.642877213656902313e-02 2.356947585940361023e-02
5.566547065973281860e-02 5.253227427601814270e-03 -2.033248357474803925e-02 2.987672947347164154e-02
1.328063197433948517e-02 5.526699498295783997e-02 -2.107696793973445892e-02 3.152842074632644653e-02
3.473297879099845886e-02 4.180662333965301514e-02 -1.882722601294517517e-02 3.302130848169326782e-02
4.934585839509963989e-02 2.334381267428398132e-02 -1.875982619822025299e-02 3.187690302729606628e-02
-1.469814887968823314e-04 8.641964523121714592e-04 4.129143059253692627e-02 8.532827347517013550e-02
-4.687311127781867981e-02 -1.784100569784641266e-02 -1.380863320082426071e-02 3.806774318218231201e-02
-3.090271027758717537e-03 4.792093485593795776e-02 -1.112999953329563141e-02 3.950896859169006348e-02
-1.589568890631198883e-02 8.516739122569561005e-03 1.937796734273433685e-02 6.855779141187667847e-02
-5.411208420991897583e-02 1.817086245864629745e-03 -1.783861592411994934e-02 3.218743577599525452e-02
-3.725980967283248901e-02 4.047289863228797913e-02 -1.900340244174003601e-02 3.151777386665344238e-02
-5.799363926053047180e-02 2.506555616855621338e-02 -2.900151908397674561e-02 2.288414165377616882e-02
-1.777506433427333832e-02 5.406983941793441772e-02 -2.149091102182865143e-02 2.999257855117321014e-02
