6.681208312511444092e-02 1.968582728295587003e-05 -2.862640540115535259e-04 6.461121141910552979e-02
9.703019261360168457e-02 -2.133381349267438054e-05 -1.926042605191469193e-03 6.183120235800743103e-02
1.441548168659210205e-01 3.145251423120498657e-02 3.150822222232818604e-02 1.521588303148746490e-02
1.418507397174835205e-01 -2.163835335522890091e-03 -4.235950112342834473e-02 1.850256696343421936e-02
1.303532421588897705e-01 3.017695434391498566e-02 -9.596848860383033752e-03 3.221414983272552490e-02
1.324257850646972656e-01 -2.119470387697219849e-02 -2.678433060646057129e-02 2.994198538362979889e-02
1.334195584058761597e-01 1.952446810901165009e-02 -2.942063659429550171e-02 2.924827486276626587e-02
1.338904350996017456e-01 3.328023105859756470e-02 1.033981237560510635e-02 2.714755944907665253e-02
5.372667312622070312e-02 -1.072825398296117783e-03 6.942457985132932663e-04 6.638230383396148682e-02
3.160827234387397766e-02 3.405421739444136620e-03 -1.047070603817701340e-02 6.294026970863342285e-02
2.719695866107940674e-02 4.780076444149017334e-03 1.306640915572643280e-02 6.087430194020271301e-02
4.125884175300598145e-02 -2.612225338816642761e-02 1.548887084936723113e-04 5.540390312671661377e-02
4.447505250573158264e-02 -6.605280190706253052e-02 -3.600569069385528564e-02 1.457061152905225754e-02
5.294457450509071350e-02 -6.556265056133270264e-02 -2.116187661886215210e-02 1.400724984705448151e-02
4.246541485190391541e-02 -4.238462820649147034e-02 1.687151752412319183e-02 3.945779055356979370e-02
3.894439339637756348e-02 -6.445289403200149536e-02 4.019984602928161621e-02 1.788553036749362946e-02
9.150864183902740479e-02 -9.080760355573147535e-05 2.945648040622472763e-03 6.683541089296340942e-02
1.358614861965179443e-01 -3.634680062532424927e-02 -3.401640104129910469e-03 2.662988007068634033e-02
1.298465877771377563e-01 -2.283903211355209351e-02 -2.200103364884853363e-02 3.212022408843040466e-02
1.334991455078125000e-01 2.548312023282051086e-02 2.345141395926475525e-02 2.770894579589366913e-02
1.365817785263061523e-01 1.058949250727891922e-02 3.675848618149757385e-02 2.329699695110321045e-02
1.388558447360992432e-01 -6.169372703880071640e-03 3.952446952462196350e-02 2.136612124741077423e-02
1.375507861375808716e-01 -2.352016977965831757e-02 3.063991107046604156e-02 2.217014506459236145e-02
1.349578201770782471e-01 -3.105138428509235382e-02 1.686528138816356659e-02 2.615928649902343750e-02
2.887265523895621300e-03 -4.850304685533046722e-03 1.223681727424263954e-03 7.245650142431259155e-02
1.213172264397144318e-02 1.637311535887420177e-03 -8.058276958763599396e-03 6.545870006084442139e-02
5.665945936925709248e-04 9.740474633872509003e-03 2.018271945416927338e-02 5.325406789779663086e-02
-2.152969129383563995e-02 1.104220189154148102e-02 -6.650369148701429367e-03 5.089034885168075562e-02
-4.318948369473218918e-03 7.859530858695507050e-03 -1.678767614066600800e-02 5.645779520273208618e-02
-2.491020970046520233e-02 1.254678331315517426e-02 9.566447697579860687e-03 4.776423424482345581e-02
-1.423527300357818604e-02 1.369260996580123901e-02 2.075734362006187439e-02 4.755726456642150879e-02
-2.385719679296016693e-02 1.798240095376968384e-02 -2.660808339715003967e-02 3.618365898728370667e-02
1.288692699745297432e-03 -5.740805529057979584e-03 6.574232829734683037e-04 7.442110776901245117e-02
2.220351994037628174e-02 -2.252407558262348175e-02 1.319962833076715469e-02 5.829046666622161865e-02
2.884072996675968170e-02 -5.360466614365577698e-02 3.565163537859916687e-02 2.585492096841335297e-02
-5.826201289892196655e-03 -2.978730387985706329e-02 2.311435714364051819e-02 5.125309526920318604e-02
-2.866926789283752441e-02 -6.475073099136352539e-02 4.815195128321647644e-02 1.691525429487228394e-02
-7.412713486701250076e-03 -6.351578980684280396e-02 5.444744229316711426e-02 1.852420344948768616e-02
1.020209118723869324e-02 -6.185222789645195007e-02 5.248449370265007019e-02 1.869692653417587280e-02
2.429301664233207703e-02 -6.657804548740386963e-02 5.245126411318778992e-02 1.396390330046415329e-02
1.982098631560802460e-02 -4.297211300581693649e-03 -9.377665264764800668e-05 7.242170721292495728e-02
2.317586913704872131e-03 -1.276914263144135475e-03 -5.024386104196310043e-03 6.891977041959762573e-02
3.396039828658103943e-02 -3.291309252381324768e-02 -1.481632236391305923e-02 4.673046246170997620e-02
2.972377277910709381e-02 -5.654984712600708008e-02 -3.825766965746879578e-02 2.658594772219657898e-02
1.367591205053031445e-03 -3.229764476418495178e-02 -2.550050429999828339e-02 4.706443101167678833e-02
1.366938650608062744e-02 -6.307470053434371948e-02 -5.304792150855064392e-02 1.782785169780254364e-02
-1.805400475859642029e-02 -6.217984482645988464e-02 -5.093498900532722473e-02 2.065316401422023773e-02
1.322128227911889553e-03 -6.463283300399780273e-02 -5.565927922725677490e-02 1.466531772166490555e-02
-2.448441646993160248e-02 -3.504559397697448730e-02 1.598902791738510132e-02 4.135581105947494507e-02
-3.228720650076866150e-02 -5.626546591520309448e-02 3.560256585478782654e-02 2.256570011377334595e-02
-3.399486839771270752e-02 -4.252506792545318604e-02 1.087778713554143906e-02 3.434356302022933960e-02
-4.412842914462089539e-02 -5.289579555392265320e-02 7.535309530794620514e-03 2.417843602597713470e-02
-4.744607955217361450e-02 -6.178872287273406982e-02 2.553092502057552338e-02 1.723587699234485626e-02
-4.488295689225196838e-02 -6.828414648771286011e-02 3.914298862218856812e-02 1.113453973084688187e-02
-5.651777982711791992e-02 -6.816583126783370972e-02 1.849857717752456665e-02 1.001941133290529251e-02
-5.606270954012870789e-02 -6.566737592220306396e-02 8.785567246377468109e-03 1.282439474016427994e-02
-3.583360696211457253e-03 -9.626348502933979034e-03 1.777089317329227924e-03 7.113624364137649536e-02
-1.784891635179519653e-02 -4.548114538192749023e-02 -3.358603641390800476e-02 3.524717316031455994e-02
-2.276368811726570129e-02 -2.994466386735439301e-02 -6.231083534657955170e-03 4.901057109236717224e-02
-5.230938270688056946e-02 -6.092748418450355530e-02 -5.357928457669913769e-04 2.022925764322280884e-02
-2.900135517120361328e-02 -4.186301305890083313e-02 -1.992083154618740082e-02 3.576027601957321167e-02
-5.330486595630645752e-02 -6.459891796112060547e-02 -1.737919636070728302e-02 1.568867079913616180e-02
-3.232625126838684082e-02 -6.157353520393371582e-02 -4.214873164892196655e-02 1.719896867871284485e-02
-4.556669667363166809e-02 -6.566185504198074341e-02 -3.408623486757278442e-02 1.492691971361637115e-02
