1.272022491320967674e-03 -6.540005560964345932e-03 4.241514950990676880e-02 4.244960471987724304e-02
3.210728988051414490e-03 -8.836926892399787903e-03 3.377778083086013794e-02 4.020980000495910645e-02
1.395484898239374161e-02 8.747749961912631989e-03 5.278158932924270630e-02 3.811762481927871704e-02
1.344093214720487595e-02 -8.910810574889183044e-03 5.230297148227691650e-02 3.852648660540580750e-02
-1.279311254620552063e-03 -1.589184626936912537e-02 5.193680897355079651e-02 3.853684663772583008e-02
-1.065875752829015255e-03 1.593669690191745758e-02 5.212496221065521240e-02 3.889739885926246643e-02
-1.542608719319105148e-02 7.074619177728891373e-03 5.367219820618629456e-02 3.666672855615615845e-02
-1.552192959934473038e-02 -7.066971156746149063e-03 5.363344401121139526e-02 3.688098490238189697e-02
-4.341207910329103470e-03 4.461197648197412491e-03 4.171884059906005859e-02 4.499774053692817688e-02
-1.782629638910293579e-02 2.000294253230094910e-02 1.611509546637535095e-02 2.716077305376529694e-02
-2.413867227733135223e-02 1.060954388231039047e-02 1.602958887815475464e-02 2.783904597163200378e-02
-2.409256994724273682e-02 4.723099991679191589e-02 3.678161418065428734e-03 8.774256333708763123e-03
-3.621536493301391602e-02 3.836516290903091431e-02 3.695683786645531654e-03 8.004706352949142456e-03
-4.293225333094596863e-02 2.980503626167774200e-02 3.103306517004966736e-03 5.871625151485204697e-03
-4.494055733084678650e-02 1.196687761694192886e-02 4.357149358838796616e-03 1.026584953069686890e-02
-4.578386619687080383e-02 2.351036481559276581e-02 3.544001141563057899e-03 6.643544882535934448e-03
1.411873265169560909e-03 7.546609733253717422e-03 3.481024876236915588e-02 4.337402433156967163e-02
-1.127730682492256165e-02 2.824971638619899750e-02 1.299284957349300385e-02 2.422693744301795959e-02
1.022520288825035095e-02 2.845012955367565155e-02 1.297784410417079926e-02 2.335853129625320435e-02
1.432065619155764580e-03 4.547090083360671997e-02 4.845324903726577759e-03 1.263948157429695129e-02
-1.922492124140262604e-02 4.936867579817771912e-02 3.085861448198556900e-03 5.643223412334918976e-03
1.368570793420076370e-02 5.051601305603981018e-02 3.609368577599525452e-03 7.874053902924060822e-03
2.650230191648006439e-02 4.619687795639038086e-02 3.392416285350918770e-03 8.096483536064624786e-03
-9.455510415136814117e-03 5.152454599738121033e-02 3.618715796619653702e-03 7.474937941879034042e-03
-2.580007072538137436e-03 -2.192972926422953606e-03 3.903061896562576294e-02 4.965969920158386230e-02
-2.957935631275177002e-02 3.713701618835330009e-03 1.272820867598056793e-02 2.442681603133678436e-02
-3.086512349545955658e-02 -4.282884672284126282e-02 3.584518330171704292e-03 7.927726954221725464e-03
-1.833684556186199188e-02 -1.728551834821701050e-02 1.735200174152851105e-02 2.910344488918781281e-02
-4.458725452423095703e-02 -7.530559320002794266e-03 4.423462785780429840e-03 1.058437302708625793e-02
-4.012918844819068909e-02 -3.384323045611381531e-02 3.581562777981162071e-03 7.668558508157730103e-03
-3.298291191458702087e-02 -1.308542303740978241e-02 8.800170384347438812e-03 1.780636794865131378e-02
-4.171900451183319092e-02 -2.028664946556091309e-02 4.987032618373632431e-03 1.184502895921468735e-02
6.898744497448205948e-03 3.021673997864127159e-03 3.504390269517898560e-02 4.284790530800819397e-02
2.842901647090911865e-02 -2.411203458905220032e-03 1.432185899466276169e-02 2.524153515696525574e-02
2.088326402008533478e-02 2.116642706096172333e-02 1.327188592404127121e-02 2.397660724818706512e-02
3.542246669530868530e-02 3.845899924635887146e-02 3.713973332196474075e-03 8.482213132083415985e-03
4.534072801470756531e-02 2.756714820861816406e-02 3.702164627611637115e-03 8.934807963669300079e-03
3.322837501764297485e-02 1.360496226698160172e-02 9.118342772126197815e-03 1.841491274535655975e-02
4.691792652010917664e-02 -9.299158700741827488e-04 5.028987303376197815e-03 1.213053241372108459e-02
5.119658261537551880e-02 1.320843491703271866e-02 3.410062752664089203e-03 8.727186359465122223e-03
2.573088975623250008e-03 -4.540153313428163528e-03 3.787804767489433289e-02 4.714596271514892578e-02
1.990369893610477448e-02 -2.032269351184368134e-02 1.451916433870792389e-02 2.549878507852554321e-02
2.644717879593372345e-02 -1.222242508083581924e-02 1.333722937852144241e-02 2.392163872718811035e-02
4.402871429920196533e-02 -2.979253977537155151e-02 2.996560418978333473e-03 5.376877263188362122e-03
3.827839344739913940e-02 -3.501021489500999451e-02 3.571419510990381241e-03 6.693216506391763687e-03
5.199228972196578979e-02 -1.084718480706214905e-02 3.042207565158605576e-03 6.469792686402797699e-03
4.753035679459571838e-02 -2.151115424931049347e-02 3.513072850182652473e-03 7.306297775357961655e-03
3.329368308186531067e-02 -4.159585386514663696e-02 2.945076441392302513e-03 5.221166647970676422e-03
1.761580258607864380e-02 -2.665088139474391937e-02 1.138726621866226196e-02 1.884685643017292023e-02
8.747753687202930450e-03 -2.723149023950099945e-02 1.421910524368286133e-02 2.124411053955554962e-02
3.003359213471412659e-02 -4.258324205875396729e-02 2.981016412377357483e-03 6.076266523450613022e-03
2.508565783500671387e-02 -4.735802859067916870e-02 2.961328020319342613e-03 5.821558646857738495e-03
1.784527860581874847e-02 -5.028284341096878052e-02 2.984040882438421249e-03 6.118913646787405014e-03
1.004879456013441086e-02 -5.114237219095230103e-02 3.041295800358057022e-03 5.497707519680261612e-03
1.597069762647151947e-02 -3.183427080512046814e-02 6.585068535059690475e-03 1.530161499977111816e-02
6.479852832853794098e-03 -3.544271364808082581e-02 5.769580602645874023e-03 1.362972334027290344e-02
4.847607575356960297e-03 -3.076041117310523987e-02 1.144571416079998016e-02 2.084076963365077972e-02
-4.012665711343288422e-03 -1.624912209808826447e-02 2.600200474262237549e-02 3.470598906278610229e-02
5.693967454135417938e-03 -5.146976932883262634e-02 3.562591038644313812e-03 6.936802063137292862e-03
-5.858108866959810257e-03 -3.567089885473251343e-02 6.901749409735202789e-03 1.575158722698688507e-02
-1.762204430997371674e-02 -2.964252419769763947e-02 8.232539519667625427e-03 1.675550453364849091e-02
-2.248217165470123291e-02 -4.668718576431274414e-02 3.613993525505065918e-03 6.765263155102729797e-03
-4.165127873420715332e-03 -5.322180688381195068e-02 3.061538329347968102e-03 5.881818011403083801e-03
-1.405890006572008133e-02 -5.178870260715484619e-02 2.974217291921377182e-03 6.448249332606792450e-03
