-2.541430294513702393e-03 1.661953702569007874e-02 -1.713765710592269897e-01 3.529921919107437134e-02
2.763648750260472298e-03 -1.757087372243404388e-02 -1.719700843095779419e-01 3.582281246781349182e-02
8.710159454494714737e-05 -1.017851848155260086e-02 -1.288817822933197021e-01 5.012743920087814331e-02
1.239868532866239548e-02 -5.417539272457361221e-03 -1.692499071359634399e-01 3.954016417264938354e-02
8.287539094453677535e-05 8.937003090977668762e-03 -1.358325034379959106e-01 4.773423448204994202e-02
-1.475163176655769348e-02 9.439558722078800201e-03 -1.727870255708694458e-01 3.424683213233947754e-02
-1.483288034796714783e-02 -7.716107182204723358e-03 -1.719344854354858398e-01 3.677042201161384583e-02
1.513187307864427567e-02 1.266793627291917801e-02 -1.750075966119766235e-01 3.402782604098320007e-02
1.702940935501828790e-04 1.138059142976999283e-02 -1.166154071688652039e-01 5.005267634987831116e-02
-1.893088483484461904e-04 -1.214521564543247223e-02 -1.050784885883331299e-01 5.172160640358924866e-02
1.679851114749908447e-02 -1.622222922742366791e-02 -8.758117258548736572e-02 3.416637703776359558e-02
-1.663541980087757111e-02 -1.072468981146812439e-02 -8.893975615501403809e-02 3.621829673647880554e-02
-1.135524734854698181e-02 2.234832569956779480e-02 -9.082628041505813599e-02 4.195276275277137756e-02
1.287008635699748993e-02 2.515999972820281982e-02 -8.746770024299621582e-02 3.988962620496749878e-02
-1.379221957176923752e-02 3.446744754910469055e-02 -7.557384669780731201e-02 2.844739891588687897e-02
3.124515712261199951e-02 2.455884823575615883e-03 -7.377962023019790649e-02 1.401171181350946426e-02
-2.834436250850558281e-03 -1.292257942259311676e-02 -1.024056747555732727e-01 4.898026585578918457e-02
-2.014612033963203430e-02 -3.097435645759105682e-02 -7.657456398010253906e-02 2.831253968179225922e-02
1.502997055649757385e-02 -2.405413798987865448e-02 -8.698105812072753906e-02 3.369702026247978210e-02
1.871533691883087158e-02 -2.997704036533832550e-02 -7.864444702863693237e-02 2.623517997562885284e-02
-1.556109823286533356e-02 -4.524612426757812500e-02 -5.412966758012771606e-02 1.783544942736625671e-02
1.986956689506769180e-03 -3.904334083199501038e-02 -6.922455877065658569e-02 2.172917872667312622e-02
1.068467274308204651e-02 -4.639434069395065308e-02 -4.747773706912994385e-02 1.725907437503337860e-02
2.177996747195720673e-02 -4.174847900867462158e-02 -6.193538382649421692e-02 1.694387197494506836e-02
1.311246026307344437e-02 -4.793043062090873718e-02 -3.304266184568405151e-02 1.295456755906343460e-02
4.297211999073624611e-04 -4.790981113910675049e-02 -4.056663811206817627e-02 1.240781042724847794e-02
1.153434161096811295e-03 -4.874164611101150513e-02 -2.353341504931449890e-02 1.375259365886449814e-02
1.695593260228633881e-02 -4.690695554018020630e-02 -1.511654164642095566e-02 1.291580218821763992e-02
-1.961444690823554993e-02 -4.663237929344177246e-02 -3.353677922859787941e-03 1.261945534497499466e-02
-1.525447051972150803e-02 -4.763455316424369812e-02 -1.725391857326030731e-02 1.310763508081436157e-02
-1.338063925504684448e-02 -4.774436354637145996e-02 -3.538468852639198303e-02 1.335686072707176208e-02
2.041981369256973267e-02 -4.613294452428817749e-02 -2.802275586873292923e-03 1.005344837903976440e-02
1.417523715645074844e-02 -4.831631109118461609e-02 -8.491515181958675385e-03 1.402116660028696060e-02
1.629607006907463074e-02 -4.671556130051612854e-02 8.675303310155868530e-03 1.281411852687597275e-02
-7.575224619358778000e-03 -4.881753772497177124e-02 -1.355774607509374619e-02 1.407028362154960632e-02
-1.687451964244246483e-03 -5.097916349768638611e-02 -7.652117870748043060e-03 1.265198830515146255e-02
-1.643159426748752594e-02 -4.707342386245727539e-02 4.377436358481645584e-03 1.320014800876379013e-02
3.521906910464167595e-03 -4.639830440282821655e-02 1.654365845024585724e-02 1.231159083545207977e-02
1.173816737718880177e-03 -5.031055584549903870e-02 7.281016558408737183e-03 1.185961905866861343e-02
-9.811377152800559998e-03 -4.588831216096878052e-02 1.473326608538627625e-02 1.193763595074415207e-02
7.513320539146661758e-03 4.813666269183158875e-02 -1.911863684654235840e-02 1.597991026937961578e-02
-1.959285512566566467e-02 4.600188508629798889e-02 -4.783051263075321913e-04 1.231816876679658890e-02
1.624124497175216675e-02 4.610973224043846130e-02 8.152266032993793488e-03 1.332452893257141113e-02
4.405344370752573013e-03 4.618827998638153076e-02 1.571708545088768005e-02 1.187388319522142410e-02
-1.373723335564136505e-02 4.754056409001350403e-02 -1.684973202645778656e-02 1.525069307535886765e-02
1.774985715746879578e-02 4.690449684858322144e-02 -7.633865810930728912e-03 1.405048556625843048e-02
-1.405232702381908894e-03 5.169443041086196899e-02 -6.909443181939423084e-04 1.322002988308668137e-02
-1.149951945990324020e-02 4.631200805306434631e-02 1.278742961585521698e-02 1.331277191638946533e-02
1.203338615596294403e-02 4.814853519201278687e-02 -2.837956696748733521e-02 1.265557762235403061e-02
4.672719631344079971e-03 4.791133105754852295e-02 -3.776610270142555237e-02 1.210245303809642792e-02
1.623830199241638184e-02 4.770572483539581299e-02 -4.279536008834838867e-02 1.049486268311738968e-02
5.849793087691068649e-03 4.560346901416778564e-02 -5.366614833474159241e-02 1.447844319045543671e-02
1.243833359330892563e-02 3.939573839306831360e-02 -6.790725886821746826e-02 1.967182010412216187e-02
2.216656133532524109e-02 4.124926403164863586e-02 -6.270235776901245117e-02 1.555539108812808990e-02
1.807435788214206696e-02 4.548506811261177063e-02 -5.204536393284797668e-02 1.189578510820865631e-02
1.731312274932861328e-02 4.435649886727333069e-02 -3.980607911944389343e-02 8.761795237660408020e-03
-1.306771486997604370e-02 4.781929403543472290e-02 -2.726295217871665955e-02 1.138634607195854187e-02
-2.155733667314052582e-02 4.104529693722724915e-02 -6.314880400896072388e-02 1.543322671204805374e-02
-1.845904439687728882e-02 4.583395272493362427e-02 -5.155681446194648743e-02 1.278527546674013138e-02
-1.310305297374725342e-02 3.937119618058204651e-02 -6.835843622684478760e-02 1.814261078834533691e-02
-1.453840453177690506e-02 4.768259450793266296e-02 -3.776562958955764771e-02 1.081372145563364029e-02
-3.274900838732719421e-03 4.844029992818832397e-02 -3.129115328192710876e-02 1.071384642273187637e-02
-4.072600509971380234e-03 4.732948541641235352e-02 -4.397150874137878418e-02 1.230555865913629532e-02
-4.739335272461175919e-03 4.408118873834609985e-02 -5.917461216449737549e-02 1.476550940424203873e-02
