-9.285411797463893890e-04 3.542015838320367038e-05 2.153172902762889862e-02 2.751510404050350189e-02
-1.655557192862033844e-02 -2.116550877690315247e-02 2.744254656136035919e-02 1.294960733503103256e-02
-1.418867986649274826e-02 1.605143211781978607e-02 1.295415591448545456e-02 2.763299830257892609e-02
-2.756819594651460648e-03 1.929156854748725891e-02 2.297042310237884521e-02 2.359216473996639252e-02
1.613503508269786835e-02 2.251150459051132202e-02 1.939259469509124756e-02 2.102560549974441528e-02
-3.135878592729568481e-03 -1.923212409019470215e-02 3.081245161592960358e-02 1.535335276275873184e-02
1.116068102419376373e-02 -2.667480520904064178e-02 3.417666628956794739e-02 7.328449748456478119e-03
1.720933127216994762e-03 4.744992125779390335e-03 8.051218464970588684e-03 3.609930723905563354e-02
1.996797218453139067e-04 4.720950033515691757e-03 -1.041948609054088593e-02 3.631251305341720581e-02
-1.829522848129272461e-02 1.950005441904067993e-02 1.376822032034397125e-02 2.042323723435401917e-02
-1.117507088929414749e-02 2.239185012876987457e-02 -2.228132821619510651e-02 1.815938949584960938e-02
-1.612873747944831848e-02 1.336074434220790863e-02 -4.280797205865383148e-03 2.300629019737243652e-02
-2.663457207381725311e-02 2.407877705991268158e-02 4.486407618969678879e-03 1.565069891512393951e-02
-2.401033043861389160e-02 2.658716216683387756e-02 -1.747425831854343414e-02 1.375016756355762482e-02
-3.014201298356056213e-02 2.800885401666164398e-02 -6.244556047022342682e-03 1.052570063620805740e-02
9.897136129438877106e-03 7.109477650374174118e-03 -5.369173362851142883e-03 3.155894950032234192e-02
2.644301950931549072e-02 2.449480257928371429e-02 8.006500080227851868e-03 1.467184629291296005e-02
3.051715902984142303e-02 2.788892015814781189e-02 -1.204043277539312840e-03 1.118348818272352219e-02
2.938940376043319702e-02 2.920245938003063202e-02 -1.263533905148506165e-02 9.523044340312480927e-03
1.974727585911750793e-02 2.695446461439132690e-02 -2.211551554501056671e-02 1.258681993931531906e-02
2.681567892432212830e-02 -2.919060550630092621e-02 -2.614675275981426239e-02 1.934858388267457485e-03
3.717744722962379456e-02 -2.957860007882118225e-02 -1.236621872521936893e-03 1.750733819790184498e-03
2.428133413195610046e-02 -2.943192422389984131e-02 -2.862316928803920746e-02 2.104701241478323936e-03
-1.698134656180627644e-05 -5.681759648723527789e-05 -2.140839956700801849e-02 2.712083421647548676e-02
6.786907091736793518e-03 1.892219483852386475e-02 -2.097007259726524353e-02 2.260305546224117279e-02
1.613592170178890228e-02 -2.069205977022647858e-02 -2.736592292785644531e-02 1.246577687561511993e-02
5.810495000332593918e-03 -2.691683731973171234e-02 -3.560087084770202637e-02 7.452717982232570648e-03
1.223161444067955017e-02 -2.855564001947641373e-03 -1.024041417986154556e-02 2.519132941961288452e-02
-5.211086012423038483e-03 -2.040746994316577911e-02 -3.089001215994358063e-02 1.323230750858783722e-02
-4.309776239097118378e-03 1.865351386368274689e-02 -2.153648249804973602e-02 2.313746698200702667e-02
-1.712948270142078400e-02 -2.657746709883213043e-02 -3.152028471231460571e-02 7.410149555653333664e-03
-4.302934277802705765e-03 4.742177203297615051e-03 -1.603662269189953804e-03 3.644967451691627502e-02
-1.254266500473022461e-02 -9.799703024327754974e-03 -1.860989071428775787e-02 2.238728478550910950e-02
-1.799148507416248322e-02 -7.646845653653144836e-03 1.167107746005058289e-02 2.395207807421684265e-02
-2.988656610250473022e-02 -1.849811524152755737e-02 -6.250246427953243256e-03 1.484818197786808014e-02
-3.520043566823005676e-02 -2.664476446807384491e-02 6.826153490692377090e-03 9.217877872288227081e-03
-2.850733324885368347e-02 -2.238402329385280609e-02 -1.782613806426525116e-02 1.085546519607305527e-02
-2.362614311277866364e-02 -2.632846310734748840e-02 -2.740450575947761536e-02 6.351221818476915359e-03
-2.556043118238449097e-02 -1.877330057322978973e-02 1.929860189557075500e-02 7.756555918604135513e-03
-2.647409401834011078e-02 -2.293610572814941406e-02 2.336430735886096954e-02 4.293393809348344803e-03
-3.138276934623718262e-02 -2.297874167561531067e-02 1.621569693088531494e-02 4.301607143133878708e-03
-3.090156801044940948e-02 -2.489605359733104706e-02 2.010146528482437134e-02 3.135652747005224228e-03
-3.137211129069328308e-02 -2.882936969399452209e-02 2.045236900448799133e-02 2.361041260883212090e-03
-2.720003016293048859e-02 -2.912375703454017639e-02 2.558417804539203644e-02 2.844883129000663757e-03
-3.307604044675827026e-02 -2.904902398586273193e-02 1.759089156985282898e-02 2.548395656049251556e-03
-2.918812446296215057e-02 -2.804816514253616333e-02 2.311642654240131378e-02 2.719640033319592476e-03
7.811830379068851471e-03 4.754234571009874344e-03 2.236288739368319511e-03 3.786018490791320801e-02
1.079405847121961415e-04 -2.096505922963842750e-04 2.095043659210205078e-02 2.869507297873497009e-02
3.065772540867328644e-02 -2.087794803082942963e-02 6.647879723459482193e-03 1.368189230561256409e-02
1.261669490486383438e-02 -2.025417797267436981e-02 2.862945757806301117e-02 1.331088412553071976e-02
2.639956772327423096e-02 -1.982109434902667999e-02 1.693824864923954010e-02 1.344655174762010574e-02
3.520810604095458984e-02 3.514501079916954041e-02 1.301372423768043518e-02 5.167144582941628935e-18
2.328396216034889221e-02 -2.680141665041446686e-02 2.779376506805419922e-02 6.875001825392246246e-03
1.715096831321716309e-02 -6.238187663257122040e-03 -1.020403578877449036e-02 2.250328101217746735e-02
2.891315147280693054e-02 -1.603537984192371368e-02 -1.907886937260627747e-03 1.142793335020542145e-02
2.597932517528533936e-02 -2.148249000310897827e-02 -2.076359651982784271e-02 8.450160734355449677e-03
3.573901951313018799e-02 -2.587067708373069763e-02 -5.165528971701860428e-03 5.476715508848428726e-03
2.612152323126792908e-02 -1.455986686050891876e-02 -1.012596208602190018e-02 1.279695983976125717e-02
2.982398681342601776e-02 -2.921165712177753448e-02 -2.251487784087657928e-02 3.577560186386108398e-03
3.310877457261085510e-02 -2.718548476696014404e-02 -1.617535203695297241e-02 5.112275946885347366e-03
3.477566316723823547e-02 -2.587364986538887024e-02 -9.848251007497310638e-03 5.653965286910533905e-03
