-1.531873829662799835e-02 -1.224014558829367161e-03 -3.902479261159896851e-02 3.732509911060333252e-02
-2.583821117877960205e-02 1.809197105467319489e-02 -7.688788324594497681e-02 2.310910448431968689e-02
-1.329263951629400253e-02 2.769242040812969208e-02 -7.665015757083892822e-02 2.199503034353256226e-02
-3.049002587795257568e-02 4.351275507360696793e-03 -7.596436142921447754e-02 2.229212410748004913e-02
-3.611007705330848694e-02 2.738358080387115479e-02 -3.819655627012252808e-02 5.338050890713930130e-03
-2.101585641503334045e-02 -2.117223665118217468e-02 -7.447346299886703491e-02 2.493708953261375427e-02
-3.106053732335567474e-02 -9.453754872083663940e-03 -7.744622230529785156e-02 2.127343788743019104e-02
-3.878083452582359314e-02 2.334085851907730103e-02 -3.004742413759231567e-02 1.124901883304119110e-02
-8.356111124157905579e-03 2.956071868538856506e-02 -7.640124112367630005e-02 2.230458892881870270e-02
-1.920106704346835613e-03 6.216766778379678726e-03 -6.109373271465301514e-02 3.382937610149383545e-02
1.130234729498624802e-02 5.826908163726329803e-03 -6.023534014821052551e-02 3.443260863423347473e-02
6.464382167905569077e-03 3.026572056114673615e-02 -7.694432884454727173e-02 2.299293316900730133e-02
2.161722257733345032e-02 2.101004868745803833e-02 -7.527032494544982910e-02 2.482405863702297211e-02
2.932804077863693237e-02 1.312646456062793732e-02 -7.671485096216201782e-02 1.973723806440830231e-02
3.114152513444423676e-02 2.340675517916679382e-02 -4.066874831914901733e-02 8.985856547951698303e-03
3.051561862230300903e-02 2.386258915066719055e-03 -7.644945383071899414e-02 2.463551051914691925e-02
3.093071840703487396e-02 -8.361170999705791473e-03 -7.692335546016693115e-02 2.089483290910720825e-02
-5.476138539961539209e-05 -4.085385706275701523e-03 -5.777194350957870483e-02 3.742826357483863831e-02
-5.101358518004417419e-03 -3.138975426554679871e-02 -7.833780348300933838e-02 2.271041646599769592e-02
1.699662953615188599e-02 -4.333392716944217682e-03 -4.413114115595817566e-02 3.176542371511459351e-02
1.485964003950357437e-02 6.654646247625350952e-03 -6.450892984867095947e-02 2.749004215002059937e-02
-1.962479017674922943e-02 -2.214254252612590790e-02 -7.369050383567810059e-02 2.492226660251617432e-02
2.434850111603736877e-02 -2.005706727504730225e-02 -7.693651318550109863e-02 2.167289517819881439e-02
1.304789539426565170e-02 -2.777438238263130188e-02 -7.630035281181335449e-02 2.337669208645820618e-02
1.803307980298995972e-02 -2.461503492668271065e-03 -3.461997956037521362e-02 3.479031100869178772e-02
9.188881143927574158e-03 -3.996713552623987198e-03 -1.019413303583860397e-02 3.260995447635650635e-02
3.471937030553817749e-02 3.555495757609605789e-03 -1.198966708034276962e-02 2.322289161384105682e-02
3.401916474103927612e-02 2.299887500703334808e-02 -3.660158440470695496e-02 1.116160675883293152e-02
3.710312396287918091e-02 -1.846551522612571716e-02 -2.361125685274600983e-02 1.854135096073150635e-02
3.935719281435012817e-02 -1.529346127063035965e-02 -6.508820224553346634e-03 2.192197926342487335e-02
4.169763997197151184e-02 2.290138974785804749e-02 -2.513672970235347748e-02 1.202972605824470520e-02
4.778617247939109802e-02 2.472890727221965790e-02 -1.047643367201089859e-02 1.238451525568962097e-02
-1.176873315125703812e-02 -4.016689490526914597e-03 -4.617282189428806305e-03 3.179690986871719360e-02
-2.242597751319408417e-02 -4.761653486639261246e-03 -2.754304185509681702e-02 3.414408862590789795e-02
-3.578104823827743530e-02 -1.165254693478345871e-02 7.038698997348546982e-03 2.771426364779472351e-02
-4.592805728316307068e-02 2.042896486818790436e-02 -7.257188670337200165e-03 1.578667573630809784e-02
-3.518617525696754456e-02 1.100792456418275833e-02 -1.943236775696277618e-02 2.626829035580158234e-02
-3.485947847366333008e-02 -1.246108859777450562e-02 -1.628259010612964630e-02 2.564006485044956207e-02
-4.210198298096656799e-02 -1.764995418488979340e-02 -3.817077958956360817e-03 1.938627101480960846e-02
-4.102179408073425293e-02 1.293465774506330490e-02 4.419253673404455185e-03 2.265214733779430389e-02
-2.067513391375541687e-02 -3.988660871982574463e-03 1.210804563015699387e-02 3.428590297698974609e-02
-1.479083020240068436e-02 -2.379144774749875069e-03 2.670782804489135742e-02 2.975681610405445099e-02
-1.081166230142116547e-02 1.960947550833225250e-02 4.533372819423675537e-02 1.562217622995376587e-02
-2.476751431822776794e-02 2.205243520438671112e-02 3.986361250281333923e-02 1.475484482944011688e-02
-4.414029791951179504e-02 2.005764842033386230e-02 1.705987937748432159e-02 1.543851569294929504e-02
-3.656817972660064697e-02 1.999297551810741425e-02 2.977311238646507263e-02 1.583242975175380707e-02
-3.352938219904899597e-02 -1.475595310330390930e-02 2.216501906514167786e-02 2.453233860433101654e-02
-1.890118047595024109e-02 -1.905628852546215057e-02 3.957942128181457520e-02 2.002827823162078857e-02
1.413823943585157394e-02 -3.976543899625539780e-03 2.028796076774597168e-02 3.439508751034736633e-02
-1.199166872538626194e-03 -3.031495492905378342e-03 2.951310016214847565e-02 3.198638930916786194e-02
3.238796070218086243e-02 2.211263217031955719e-02 3.422338142991065979e-02 1.473151985555887222e-02
3.818241879343986511e-02 -2.685235813260078430e-02 3.320253640413284302e-02 7.204710971564054489e-03
1.799910701811313629e-02 2.020804397761821747e-02 4.265268146991729736e-02 1.597202941775321960e-02
3.017744515091180801e-03 2.158926613628864288e-02 4.661844298243522644e-02 1.512741763144731522e-02
3.579535521566867828e-03 -1.864037290215492249e-02 4.315741360187530518e-02 1.994766853749752045e-02
2.212236449122428894e-02 -2.096089720726013184e-02 3.930521383881568909e-02 1.585595682263374329e-02
1.658525317907333374e-02 -3.979191184043884277e-03 8.604025468230247498e-03 3.333378210663795471e-02
4.641504958271980286e-02 2.079906314611434937e-02 1.156160025857388973e-03 1.477504428476095200e-02
4.434030130505561829e-02 1.968946494162082672e-02 1.647268980741500854e-02 1.532552484422922134e-02
3.020184859633445740e-02 -1.996655482798814774e-03 2.478777663782238960e-03 2.839088812470436096e-02
3.824603557586669922e-02 2.106607891619205475e-02 2.792910486459732056e-02 1.366341207176446915e-02
4.477845504879951477e-02 -2.063461393117904663e-02 6.552367005497217178e-03 1.638091914355754852e-02
3.718268498778343201e-02 -1.768250763416290283e-02 2.087564021348953247e-02 1.983556523919105530e-02
2.901951223611831665e-02 1.251875422894954681e-03 1.906029693782329559e-02 2.482639998197555542e-02
