-7.815322838723659515e-03 -3.954977914690971375e-02 3.566615283489227295e-02 1.839535683393478394e-02
7.256922777742147446e-03 -3.109505772590637207e-02 3.738789632916450500e-02 2.142180874943733215e-02
-1.607250422239303589e-02 -1.133434846997261047e-02 3.859177604317665100e-02 2.291435003280639648e-02
-2.479639090597629547e-02 6.487179081887006760e-03 3.836362436413764954e-02 2.270256727933883667e-02
1.766497269272804260e-02 -8.564280346035957336e-03 3.859259560704231262e-02 2.270011045038700104e-02
2.251611463725566864e-02 1.131492014974355698e-02 3.833706676959991455e-02 2.232200279831886292e-02
6.223767995834350586e-03 1.687692105770111084e-02 3.866992890834808350e-02 2.325613051652908325e-02
-8.061794564127922058e-03 2.458013966679573059e-02 3.840750828385353088e-02 2.139569632709026337e-02
9.915690869092941284e-03 -7.419567555189132690e-02 2.048096619546413422e-02 2.526867575943470001e-02
2.074388414621353149e-02 -7.536953687667846680e-02 -5.387402605265378952e-03 2.448271587491035461e-02
1.757076568901538849e-02 -7.705588638782501221e-02 1.060457713901996613e-02 2.596646547317504883e-02
-1.095665525645017624e-02 -5.329534783959388733e-02 3.560651838779449463e-02 1.078495569527149200e-02
-1.764844730496406555e-02 -7.661057263612747192e-02 1.150791347026824951e-02 2.519203163683414459e-02
-5.578394047915935516e-03 -7.687900215387344360e-02 1.808963529765605927e-02 2.510453015565872192e-02
-1.357383280992507935e-02 -6.813759356737136841e-02 2.442122437059879303e-02 1.931669749319553375e-02
8.630182594060897827e-03 -5.903203785419464111e-02 3.141552582383155823e-02 1.755421049892902374e-02
-2.097817696630954742e-02 -7.727763056755065918e-02 -1.608027523616328835e-04 2.611255459487438202e-02
-5.088074976811185479e-05 -7.690145075321197510e-02 -2.006362751126289368e-02 2.609087713062763214e-02
1.778850145637989044e-02 -7.703677564859390259e-02 -1.035596802830696106e-02 2.357810549437999725e-02
-1.677759177982807159e-02 -7.984977215528488159e-02 -1.558884978294372559e-02 2.097401581704616547e-02
-2.163666300475597382e-02 -6.730584055185317993e-02 -2.225875109434127808e-02 1.850623451173305511e-02
-8.272163569927215576e-03 -5.210885778069496155e-02 -3.683325648307800293e-02 1.300156209617853165e-02
4.282950423657894135e-03 -4.534864053130149841e-02 -3.916924074292182922e-02 4.730752669274806976e-03
1.703948900103569031e-02 -8.544981479644775391e-02 -2.207448892295360565e-02 1.235198322683572769e-02
1.682821102440357208e-02 -7.255645841360092163e-02 -1.765950955450534821e-02 1.625859551131725311e-02
9.377075359225273132e-03 -7.169489562511444092e-02 -2.337604947388172150e-02 1.672219671308994293e-02
5.048395134508609772e-03 -6.546116620302200317e-02 -3.053845465183258057e-02 1.302537973970174789e-02
1.142757199704647064e-02 -4.831192269921302795e-02 -3.771318867802619934e-02 7.083300966769456863e-03
4.534867126494646072e-03 -5.552246794104576111e-02 -3.604726865887641907e-02 8.342947810888290405e-03
1.517619471997022629e-02 -5.552459880709648132e-02 -3.408533707261085510e-02 6.964173633605241776e-03
1.833632588386535645e-02 -6.264606863260269165e-02 -2.886455692350864410e-02 9.979818016290664673e-03
2.481636591255664825e-02 -6.624069809913635254e-02 -2.116758003830909729e-02 1.168963965028524399e-02
4.384058993309736252e-04 -3.574381023645401001e-02 -4.141407832503318787e-02 1.745302788913249969e-02
1.902876049280166626e-02 -1.578931137919425964e-02 -4.346089065074920654e-02 1.913249678909778595e-02
-1.539265364408493042e-02 -1.715208962559700012e-02 -4.385649785399436951e-02 1.968447677791118622e-02
-2.645357511937618256e-02 3.169727744534611702e-03 -4.283699020743370056e-02 1.852783188223838806e-02
-1.262498274445533752e-02 2.208936028182506561e-02 -4.329635947942733765e-02 1.793172582983970642e-02
1.871671993285417557e-03 -6.179907359182834625e-04 -4.500312358140945435e-02 1.681604422628879547e-02
2.733069099485874176e-02 6.850360427051782608e-03 -4.262875765562057495e-02 1.705515943467617035e-02
1.030684635043144226e-02 2.458183653652667999e-02 -4.296470806002616882e-02 1.773687079548835754e-02
