-1.512877526693046093e-03 -2.408223692327737808e-03 -1.005747392773628235e-01 4.757642745971679688e-02
-1.607147417962551117e-02 3.178880363702774048e-02 -1.321396529674530029e-01 1.890554092824459076e-02
-2.631471306085586548e-02 1.477202959358692169e-02 -1.276678293943405151e-01 2.414457499980926514e-02
-3.432339802384376526e-02 -2.116340678185224533e-03 -1.318560391664505005e-01 1.950257830321788788e-02
-2.706893719732761383e-02 -1.607393845915794373e-02 -1.288814693689346313e-01 2.166579850018024445e-02
-1.518524810671806335e-02 -3.135457262396812439e-02 -1.314173936843872070e-01 1.960119418799877167e-02
6.470776628702878952e-03 -3.371140733361244202e-02 -1.314030438661575317e-01 2.001379244029521942e-02
2.591140940785408020e-02 -2.384114451706409454e-02 -1.322838366031646729e-01 1.935694739222526550e-02
-1.057678819051943719e-04 2.793010753521230072e-05 -9.416773915290832520e-02 4.691905155777931213e-02
8.548369631171226501e-03 2.405238570645451546e-03 -5.258358642458915710e-02 3.409889712929725647e-02
-1.126393768936395645e-02 3.299606498330831528e-03 -4.612807556986808777e-02 3.427164256572723389e-02
3.344423323869705200e-02 -2.363565191626548767e-02 -4.558617249131202698e-02 7.216135505586862564e-03
3.275898925494402647e-04 -7.074524182826280594e-04 -7.466226816177368164e-02 4.752377048134803772e-02
-1.706379279494285583e-02 -9.962923824787139893e-03 -4.739703610539436340e-02 2.612567134201526642e-02
-7.582798134535551071e-03 1.183771435171365738e-02 -6.493496894836425781e-02 3.434495255351066589e-02
-1.139749679714441299e-02 -1.635271124541759491e-02 -6.229369714856147766e-02 2.870462462306022644e-02
2.906853891909122467e-02 3.883104305714368820e-03 -2.806566283106803894e-02 3.242569044232368469e-02
3.769122436642646790e-02 2.517037326470017433e-03 -4.693379625678062439e-03 3.294634446501731873e-02
4.212586581707000732e-02 1.196607016026973724e-02 -2.407591044902801514e-02 2.452508360147476196e-02
3.998165950179100037e-02 -1.484464295208454132e-02 -3.510669246315956116e-02 1.787350699305534363e-02
5.361567065119743347e-02 -1.774129085242748260e-02 -2.262136898934841156e-02 1.684448122978210449e-02
6.234395131468772888e-02 -2.061853744089603424e-02 -3.853479865938425064e-03 1.324325241148471832e-02
5.525592342019081116e-02 1.660055853426456451e-02 -8.987907320261001587e-03 1.938475295901298523e-02
6.518730521202087402e-02 2.674556337296962738e-02 3.565821563825011253e-03 3.129270393401384354e-03
-1.290922705084085464e-02 7.676935056224465370e-04 -3.104044310748577118e-02 3.355070576071739197e-02
1.849691034294664860e-03 2.487041754648089409e-03 -1.612856239080429077e-02 3.310099616646766663e-02
-1.533841621130704880e-02 7.985277101397514343e-03 -6.196539383381605148e-03 2.724152989685535431e-02
-2.843167632818222046e-02 -2.392091043293476105e-02 -1.311239134520292282e-02 9.118262678384780884e-03
-2.218212559819221497e-02 -1.044036261737346649e-02 -1.192187657579779625e-03 2.006390877068042755e-02
-2.182088606059551239e-02 1.754130981862545013e-02 5.425042938441038132e-03 1.575785316526889801e-02
-2.391687780618667603e-02 -1.882204040884971619e-02 1.236771699041128159e-02 1.358738914132118225e-02
-2.570665813982486725e-02 2.580535598099231720e-02 1.757165789604187012e-02 4.552711732685565948e-03
1.588230580091476440e-02 2.483741845935583115e-03 1.912034489214420319e-02 3.238532319664955139e-02
1.549594942480325699e-02 1.569306291639804840e-02 3.728205338120460510e-02 2.025072090327739716e-02
2.592205069959163666e-02 -3.254662035033106804e-03 2.956355363130569458e-02 2.253737300634384155e-02
2.685133740305900574e-02 1.486517302691936493e-02 3.536022454500198364e-02 1.995997689664363861e-02
2.924277633428573608e-02 -1.869990676641464233e-02 4.165441542863845825e-02 1.390590798109769821e-02
4.727481398731470108e-03 -1.455640979111194611e-02 3.854536637663841248e-02 1.763927005231380463e-02
1.601277664303779602e-02 -2.155722491443157196e-02 4.643267393112182617e-02 9.530313313007354736e-03
1.827051863074302673e-02 -9.481529705226421356e-03 3.590935841202735901e-02 1.503625605255365372e-02
3.777291253209114075e-02 2.551093464717268944e-03 9.463682770729064941e-03 3.308947756886482239e-02
5.831729620695114136e-02 -1.683291606605052948e-02 1.179479155689477921e-02 1.567176915705204010e-02
3.888482972979545593e-02 -1.523562986403703690e-02 3.511416539549827576e-02 1.766022108495235443e-02
3.496096655726432800e-02 1.424529030919075012e-02 3.174396604299545288e-02 2.070073597133159637e-02
5.392928048968315125e-02 1.560028456151485443e-02 9.438400156795978546e-03 1.876022852957248688e-02
5.048519745469093323e-02 -1.708785071969032288e-02 2.641514316201210022e-02 1.717684604227542877e-02
5.034104362130165100e-02 2.009190618991851807e-02 2.673400193452835083e-02 1.474966574460268021e-02
1.185663975775241852e-03 2.214662032201886177e-03 -1.002626493573188782e-01 4.718889296054840088e-02
-1.528371311724185944e-02 -9.630235843360424042e-03 -1.157293990254402161e-01 3.755243122577667236e-02
7.976416498422622681e-03 -1.981737837195396423e-02 -1.183521226048469543e-01 3.344673290848731995e-02
-2.017712965607643127e-02 1.743662171065807343e-02 -1.238179504871368408e-01 2.749153226613998413e-02
-4.730434622615575790e-03 3.308528289198875427e-02 -1.305731087923049927e-01 2.005258761346340179e-02
1.533179357647895813e-02 2.818812988698482513e-02 -1.285760104656219482e-01 2.323886752128601074e-02
3.045668266713619232e-02 1.077471580356359482e-02 -1.296734064817428589e-01 2.295159921050071716e-02
2.685056626796722412e-02 -1.166326180100440979e-02 -1.266091316938400269e-01 2.561211213469505310e-02
7.577479351311922073e-03 2.467564074322581291e-03 6.433092523366212845e-03 3.057369962334632874e-02
3.206732217222452164e-03 3.212857700418680906e-04 2.197956480085849762e-02 2.638354152441024780e-02
-4.210500046610832214e-03 -1.879082806408405304e-02 3.714753687381744385e-02 1.352592185139656067e-02
-7.251393981277942657e-03 1.592084183357656002e-03 9.213511832058429718e-03 2.800242230296134949e-02
-1.474219281226396561e-02 -1.861319318413734436e-02 2.787833474576473236e-02 1.380236353725194931e-02
-2.142562903463840485e-02 -1.886109821498394012e-02 1.975450292229652405e-02 1.011432707309722900e-02
-1.497729122638702393e-02 1.844232529401779175e-02 2.303624153137207031e-02 1.615454256534576416e-02
-2.170942723751068115e-03 1.644507236778736115e-02 3.209050744771957397e-02 1.892513036727905273e-02
