-3.242875635623931885e-02 2.506835572421550751e-02 4.649714753031730652e-02 2.968555688858032227e-02
-4.317025467753410339e-02 -1.027133781462907791e-02 4.530729725956916809e-02 2.867836318910121918e-02
-1.700953580439090729e-02 -3.852400183677673340e-02 4.588577523827552795e-02 2.897901646792888641e-02
1.723599992692470551e-02 -3.881756961345672607e-02 4.556653276085853577e-02 2.633742056787014008e-02
1.897894195280969143e-03 -1.135788625106215477e-03 4.803299531340599060e-02 2.772917598485946655e-02
3.972747176885604858e-02 -1.305080763995647430e-02 4.613294079899787903e-02 2.783760242164134979e-02
7.628203369677066803e-03 3.362590074539184570e-02 4.700752347707748413e-02 2.500480972230434418e-02
3.822420537471771240e-02 2.415874414145946503e-02 4.521068558096885681e-02 2.797856740653514862e-02
1.055613160133361816e-03 9.794721752405166626e-02 -1.237120665609836578e-02 4.633094370365142822e-02
-2.844570577144622803e-02 1.259208470582962036e-01 -4.008779302239418030e-03 3.365177288651466370e-02
-1.262005511671304703e-02 1.277956813573837280e-01 -2.804535813629627228e-02 3.130149468779563904e-02
1.615333184599876404e-02 1.266745328903198242e-01 -2.474081330001354218e-02 3.249426931142807007e-02
2.821902930736541748e-02 1.254881024360656738e-01 2.004036447033286095e-03 3.438262641429901123e-02
1.007920503616333008e-02 1.247570067644119263e-01 2.587412856519222260e-02 3.485066816210746765e-02
-1.766027510166168213e-02 1.266381442546844482e-01 2.370426431298255920e-02 3.260117769241333008e-02
-2.512286975979804993e-02 2.587445452809333801e-02 -4.211761057376861572e-02 2.883560769259929657e-02
1.153098698705434799e-02 2.806575782597064972e-02 -4.244725406169891357e-02 2.835343964397907257e-02
-1.132489088922739029e-02 8.712640404701232910e-02 -2.377337589859962463e-02 2.756455726921558380e-02
1.204556971788406372e-02 7.377456128597259521e-02 -3.280105069279670715e-02 2.487288787961006165e-02
2.612342126667499542e-02 4.680837690830230713e-02 -4.135064035654067993e-02 2.165853418409824371e-02
-1.849376480095088482e-03 4.554994404315948486e-02 -4.312079772353172302e-02 2.192211709916591644e-02
-2.074677869677543640e-02 6.230396032333374023e-02 -3.845942392945289612e-02 1.912036910653114319e-02
-3.575246781110763550e-02 4.923512414097785950e-02 -3.909228369593620300e-02 9.617846459150314331e-03
4.437045753002166748e-02 1.485022809356451035e-02 -4.196143150329589844e-02 1.423397567123174667e-02
3.741059824824333191e-02 1.616794988512992859e-02 -4.478666931390762329e-02 1.738110743463039398e-02
3.017115592956542969e-02 1.906950213015079498e-02 -4.218921065330505371e-02 2.261843904852867126e-02
3.737885132431983948e-02 2.268478088080883026e-02 -4.385751113295555115e-02 1.550990901887416840e-02
3.696346282958984375e-02 3.629709780216217041e-02 -4.216859117150306702e-02 1.319277100265026093e-02
4.355595260858535767e-02 3.147047013044357300e-02 -4.014398530125617981e-02 1.102625951170921326e-02
3.063412196934223175e-02 2.811681106686592102e-02 -4.458960518240928650e-02 1.713186502456665039e-02
4.272861778736114502e-02 2.037058025598526001e-02 -4.175328835844993591e-02 1.461054291576147079e-02
3.675384446978569031e-02 -2.680957317352294922e-03 -4.209114611148834229e-02 2.497917972505092621e-02
3.028113022446632385e-02 -2.122202143073081970e-02 -4.201783239841461182e-02 2.492278814315795898e-02
1.933875679969787598e-02 -3.601027186959981918e-03 -4.299449175596237183e-02 2.205747179687023163e-02
5.370161030441522598e-03 -1.179880276322364807e-02 -4.321160539984703064e-02 2.400582656264305115e-02
3.443029522895812988e-02 1.288403943181037903e-02 -4.207433015108108521e-02 2.319458313286304474e-02
1.113657746464014053e-02 1.045480649918317795e-02 -4.330116137862205505e-02 2.450423687696456909e-02
1.700492575764656067e-02 -3.145899623632431030e-02 -4.214699566364288330e-02 2.493758127093315125e-02
1.508397050201892853e-03 -3.655685856938362122e-02 -4.212389886379241943e-02 2.463675104081630707e-02
9.971224702894687653e-03 1.076483651995658875e-01 1.853430003393441439e-04 4.877884313464164734e-02
-8.908978663384914398e-03 1.076791658997535706e-01 5.800710991024971008e-03 4.821190983057022095e-02
-2.586679533123970032e-02 4.538337513804435730e-02 4.353845864534378052e-02 2.202617004513740540e-02
-1.631570234894752502e-02 7.263608276844024658e-02 3.417059034109115601e-02 2.156679891049861908e-02
1.790796779096126556e-02 7.239405810832977295e-02 3.368118777871131897e-02 2.287623099982738495e-02
2.700603753328323364e-02 4.209661856293678284e-02 4.399783536791801453e-02 2.245298586785793304e-02
1.968602155102416873e-04 3.601303696632385254e-02 4.681515693664550781e-02 2.210543304681777954e-02
2.044595312327146530e-03 5.408366024494171143e-02 4.347385838627815247e-02 1.577676832675933838e-02
-2.227122709155082703e-02 1.800852268934249878e-02 -4.566240310668945312e-02 1.703476347029209137e-02
-1.169633399695158005e-02 3.685509320348501205e-03 -4.328692704439163208e-02 2.599795348942279816e-02
-1.416351180523633957e-02 -1.414255518466234207e-02 -4.306158423423767090e-02 2.398384921252727509e-02
-3.641970455646514893e-02 1.274014823138713837e-02 -4.173587635159492493e-02 2.446313016116619110e-02
-3.365932404994964600e-02 -2.464241161942481995e-02 -4.347294196486473083e-02 2.208613790571689606e-02
-2.767532318830490112e-02 -2.017685212194919586e-02 -4.124302417039871216e-02 1.868842542171478271e-02
-3.662364557385444641e-02 -5.280164536088705063e-03 -4.209597036242485046e-02 2.426663972437381744e-02
-1.476704981178045273e-02 -3.301315754652023315e-02 -4.217778891324996948e-02 2.525071054697036743e-02
