8.172860369086265564e-03 -9.819971770048141479e-02 -2.155460231006145477e-02 3.296200186014175415e-02
3.295948356389999390e-02 -9.887040406465530396e-02 -1.858804374933242798e-02 3.175374865531921387e-02
-2.730577718466520309e-03 -9.593661129474639893e-02 -9.163713548332452774e-04 3.537429869174957275e-02
8.514468790963292122e-04 -5.380260199308395386e-02 3.328172490000724792e-02 2.472527883946895599e-02
3.540788963437080383e-02 -5.788822844624519348e-02 2.610230445861816406e-02 2.475230768322944641e-02
9.619180113077163696e-03 -9.334751218557357788e-02 1.713032461702823639e-02 3.819068521261215210e-02
2.848930843174457550e-02 -9.654906392097473145e-02 1.871067099273204803e-02 3.454724699258804321e-02
3.583310544490814209e-02 -9.305876493453979492e-02 1.017473754473030567e-03 3.798692300915718079e-02
6.711537949740886688e-03 -8.420013636350631714e-02 8.051912300288677216e-03 3.791351616382598877e-02
6.066292989999055862e-03 -7.983244210481643677e-02 -1.600592769682407379e-02 3.242499008774757385e-02
3.189852833747863770e-02 -7.365695387125015259e-02 1.329864747822284698e-02 3.324630111455917358e-02
3.167590498924255371e-02 -8.010995388031005859e-02 -1.114296168088912964e-02 3.487162664532661438e-02
-1.520172134041786194e-02 -4.162959381937980652e-02 -4.051005095243453979e-02 1.889407262206077576e-02
3.752438351511955261e-02 -4.834384471178054810e-02 -3.387185558676719666e-02 1.672082021832466125e-02
1.137590315192937851e-02 -4.863667115569114685e-02 -3.760693222284317017e-02 2.211844921112060547e-02
-1.008792500942945480e-02 -6.129613146185874939e-02 -3.216144070029258728e-02 1.567785814404487610e-02
1.041253656148910522e-02 -7.527505606412887573e-02 1.963506266474723816e-02 2.695894055068492889e-02
-3.445740416646003723e-02 -2.572645898908376694e-03 3.938058391213417053e-02 2.239247970283031464e-02
-2.738290652632713318e-02 -2.230152115225791931e-02 3.936406597495079041e-02 2.261743508279323578e-02
-9.070489555597305298e-03 -1.186692621558904648e-02 4.046617820858955383e-02 2.385817095637321472e-02
1.206131535582244396e-03 -3.601843118667602539e-02 3.946463391184806824e-02 2.302115969359874725e-02
-1.894015260040760040e-02 -4.151755943894386292e-02 3.760721907019615173e-02 1.727206073701381683e-02
-8.175335824489593506e-03 -5.520141124725341797e-02 3.319388628005981445e-02 1.671119220554828644e-02
-1.104096230119466782e-02 -6.729482114315032959e-02 1.950540021061897278e-02 1.067086681723594666e-02
2.610528096556663513e-02 -5.036177858710289001e-02 3.423300012946128845e-02 1.615023054182529449e-02
1.863914541900157928e-02 -3.042717464268207550e-02 3.946266323328018188e-02 2.051127701997756958e-02
2.808451466262340546e-02 2.116899378597736359e-02 3.870979696512222290e-02 2.259227447211742401e-02
3.514944761991500854e-02 3.205134766176342964e-03 3.866301476955413818e-02 2.169868536293506622e-02
9.520074352622032166e-03 4.396186675876379013e-03 4.060131683945655823e-02 2.139623090624809265e-02
1.487125363200902939e-02 -1.223453320562839508e-02 4.039683938026428223e-02 2.180727571249008179e-02
3.462706506252288818e-02 -1.740829832851886749e-02 3.815107420086860657e-02 2.067580632865428925e-02
3.394926711916923523e-02 -3.711903840303421021e-02 3.762431815266609192e-02 1.505447644740343094e-02
-3.429485112428665161e-02 1.280731521546840668e-02 3.746799007058143616e-02 1.934839226305484772e-02
1.620932854712009430e-02 3.054165281355381012e-02 3.946456313133239746e-02 2.178019471466541290e-02
-2.181991148972883821e-04 1.127756759524345398e-02 4.059703275561332703e-02 2.284867689013481140e-02
-2.780940383672714233e-02 2.322009205818176270e-02 3.755990788340568542e-02 1.912826672196388245e-02
-1.469154376536607742e-02 2.912041731178760529e-02 3.965066000819206238e-02 2.012095600366592407e-02
2.436141716316342354e-03 3.586181253194808960e-02 3.803395479917526245e-02 2.069425210356712341e-02
-1.545181777328252792e-02 3.559351339936256409e-02 3.588390350341796875e-02 1.753715611994266510e-02
-1.832276023924350739e-02 8.299035951495170593e-03 4.031492397189140320e-02 2.092321403324604034e-02
-2.004296891391277313e-02 -1.550040580332279205e-02 -4.335610568523406982e-02 1.905191689729690552e-02
-1.046465151011943817e-02 -3.493898361921310425e-02 -4.265755787491798401e-02 1.613951846957206726e-02
-2.959625981748104095e-02 -2.997560426592826843e-02 -4.057097807526588440e-02 1.532722730189561844e-02
-3.544790297746658325e-02 -1.891447044909000397e-02 -4.038247466087341309e-02 1.556343212723731995e-02
-3.892965987324714661e-02 -4.604449030011892319e-03 -4.116716608405113220e-02 1.735383272171020508e-02
-3.955026715993881226e-02 1.020067092031240463e-02 -3.982039541006088257e-02 1.578033342957496643e-02
-3.260895982384681702e-02 2.258537523448467255e-02 -4.061358049511909485e-02 1.616237498819828033e-02
-2.479368634521961212e-02 -3.488774970173835754e-02 -4.031933471560478210e-02 1.519351080060005188e-02
-4.756817128509283066e-03 -2.762763947248458862e-02 -4.325598105788230896e-02 2.055661380290985107e-02
1.599707268178462982e-02 -3.610223531723022461e-02 -4.192291572690010071e-02 1.956367492675781250e-02
1.006477884948253632e-02 -8.905780501663684845e-03 -4.385454952716827393e-02 2.205574326217174530e-02
2.201120369136333466e-02 8.260270580649375916e-03 -4.349135607481002808e-02 1.710703596472740173e-02
3.779588639736175537e-02 -7.273772265762090683e-03 -4.195170849561691284e-02 2.026529423892498016e-02
3.269245475530624390e-02 -2.932248637080192566e-02 -4.061597213149070740e-02 1.924633234739303589e-02
3.779601305723190308e-02 1.215292699635028839e-02 -4.056080803275108337e-02 1.583154127001762390e-02
3.055188618600368500e-02 2.351544983685016632e-02 -4.132494330406188965e-02 1.732873916625976562e-02
2.168589830398559570e-02 3.216559067368507385e-02 -4.101102426648139954e-02 1.788354665040969849e-02
-1.802683994174003601e-02 -4.880831111222505569e-03 -4.370396211743354797e-02 2.057339064776897430e-02
-2.571743540465831757e-02 2.740974724292755127e-02 -4.236226528882980347e-02 1.869477704167366028e-02
-1.255923043936491013e-02 3.615925461053848267e-02 -4.182293266057968140e-02 1.840081065893173218e-02
-4.857011139392852783e-03 1.035673730075359344e-02 -4.386889189481735229e-02 2.033644169569015503e-02
-3.396795690059661865e-02 1.168345753103494644e-02 -4.274118691682815552e-02 1.972530037164688110e-02
4.583177622407674789e-03 3.958706930279731750e-02 -4.062741994857788086e-02 1.765242218971252441e-02
8.361835964024066925e-03 2.264420129358768463e-02 -4.344844818115234375e-02 1.930593140423297882e-02
