-1.610314548015594482e-01 4.764429759234189987e-03 1.609423607587814331e-01 1.711090505123138428e-01
-4.921741485595703125e-01 1.771520525217056274e-01 1.093189790844917297e-01 1.673968434333801270e-01
-3.242266178131103516e-01 7.860772311687469482e-02 1.160888448357582092e-01 1.440995484590530396e-01
-5.071423649787902832e-01 1.696373522281646729e-02 1.272042542695999146e-01 1.504286229610443115e-01
-5.649845600128173828e-01 1.139287948608398438e-01 1.666431576013565063e-01 9.319555759429931641e-02
-3.361087441444396973e-01 -1.767202593327965587e-05 1.269477009773254395e-01 1.463897228240966797e-01
-5.607935786247253418e-01 2.094123363494873047e-01 1.629178524017333984e-01 9.171909838914871216e-02
-3.660244643688201904e-01 3.397819995880126953e-01 2.741756290197372437e-02 1.107673905789852142e-02
-3.330238163471221924e-01 -2.672830820083618164e-01 3.570619225502014160e-02 1.061716079711914062e-01
-2.798407673835754395e-01 -7.873474806547164917e-02 1.191577911376953125e-01 1.589511781930923462e-01
-5.154383778572082520e-01 -2.122506499290466309e-01 1.226974278688430786e-01 1.496880948543548584e-01
-6.078613996505737305e-01 -4.710283130407333374e-02 2.022319883108139038e-01 3.758960962295532227e-02
-5.021296143531799316e-01 -7.606271654367446899e-02 9.992863982915878296e-02 1.350719183683395386e-01
-4.402983188629150391e-01 -1.739230901002883911e-01 1.170587688684463501e-01 1.251830011606216431e-01
-5.968596935272216797e-01 -1.205357983708381653e-01 1.938933581113815308e-01 5.174667015671730042e-02
-3.967316448688507080e-01 -5.660581216216087341e-02 1.107169762253761292e-01 1.231916621327400208e-01
1.699752360582351685e-02 5.922702699899673462e-02 1.962891519069671631e-01 2.300121188163757324e-01
-7.482129335403442383e-02 6.291820318438112736e-04 1.926756799221038818e-01 2.323287129402160645e-01
6.801316142082214355e-02 -2.758577279746532440e-02 2.011154145002365112e-01 2.224386334419250488e-01
-1.553318183869123459e-02 -6.882915645837783813e-02 2.046169787645339966e-01 2.123254686594009399e-01
2.017736136913299561e-01 -9.824202954769134521e-02 1.194295510649681091e-01 1.282777488231658936e-01
1.193103939294815063e-01 -2.008626908063888550e-01 1.169618293642997742e-01 1.250672787427902222e-01
3.187843561172485352e-01 -5.253152921795845032e-02 5.562120676040649414e-02 6.992659717798233032e-02
2.582498788833618164e-01 -1.299047619104385376e-01 9.577550739049911499e-02 1.100305914878845215e-01
-1.223359256982803345e-01 1.013115942478179932e-01 1.451130658388137817e-01 1.750158816576004028e-01
-3.983469679951667786e-02 2.595890760421752930e-01 1.041795983910560608e-01 1.305146664381027222e-01
-1.461216956377029419e-01 2.985136210918426514e-01 6.331921368837356567e-02 7.923939079046249390e-02
-3.110853135585784912e-01 1.357328444719314575e-01 9.944450110197067261e-02 1.331148892641067505e-01
-3.321727216243743896e-01 2.095580697059631348e-01 4.953352734446525574e-02 9.468629211187362671e-02
-3.162630498409271240e-01 3.144784271717071533e-01 3.054091334342956543e-02 6.948451697826385498e-02
-2.137942314147949219e-01 2.965312302112579346e-01 5.224309489130973816e-02 8.889802545309066772e-02
-1.621000319719314575e-01 1.810138970613479614e-01 1.115567833185195923e-01 1.190376877784729004e-01
-2.667069667950272560e-03 -6.394503265619277954e-02 1.938967257738113403e-01 2.309613972902297974e-01
-1.562111973762512207e-01 -7.818654179573059082e-02 1.439268290996551514e-01 1.683642119169235229e-01
7.526890188455581665e-02 -2.458895146846771240e-01 1.086641252040863037e-01 1.374117583036422729e-01
-1.716110408306121826e-01 -1.826223731040954590e-01 1.057979390025138855e-01 1.243726089596748352e-01
-5.442034825682640076e-02 -2.261510342359542847e-01 1.213214471936225891e-01 1.258524358272552490e-01
-1.540598422288894653e-01 -2.934508919715881348e-01 7.286281883716583252e-02 9.516289085149765015e-02
-2.512104809284210205e-01 -3.037830889225006104e-01 3.142777085304260254e-02 7.498385012149810791e-02
-1.053798757493495941e-02 -2.934575676918029785e-01 8.308338373899459839e-02 1.107055917382240295e-01
-2.593031525611877441e-02 2.605496346950531006e-01 1.041270419955253601e-01 1.046460792422294617e-01
3.485622256994247437e-02 2.182708233594894409e-01 1.204576715826988220e-01 1.186596900224685669e-01
1.059434786438941956e-01 2.384339869022369385e-01 1.052104830741882324e-01 1.076413542032241821e-01
4.179250076413154602e-02 2.764005362987518311e-01 9.753710776567459106e-02 8.231682330369949341e-02
9.060659259557723999e-02 3.015432953834533691e-01 6.702989339828491211e-02 6.560534983873367310e-02
4.587896540760993958e-02 3.349207937717437744e-01 4.018957540392875671e-02 3.701099753379821777e-02
-3.965434618294239044e-03 3.277715444564819336e-01 5.181686207652091980e-02 4.697458073496818542e-02
1.192122921347618103e-01 -2.296446710824966431e-01 1.050727292895317078e-01 8.688141405582427979e-02
1.967076957225799561e-01 -2.168077379465103149e-01 8.620925992727279663e-02 9.474370628595352173e-02
2.547272443771362305e-01 -1.367270797491073608e-01 9.682389348745346069e-02 9.342948347330093384e-02
3.262831568717956543e-01 -2.392505556344985962e-01 3.192245960235595703e-02 7.237578928470611572e-02
2.511526644229888916e-01 -3.205480575561523438e-01 2.498058415949344635e-02 6.482589244842529297e-02
3.414872884750366211e-01 -3.289379477500915527e-01 3.750107064843177795e-02 5.467249080538749695e-02
3.221054971218109131e-01 -2.017792910337448120e-01 4.656086862087249756e-02 6.943231076002120972e-02
1.656360030174255371e-01 -3.008586466312408447e-01 6.621761620044708252e-02 7.892399281263351440e-02
1.143675744533538818e-01 7.857366651296615601e-02 1.507865935564041138e-01 1.811266690492630005e-01
1.577615737915039062e-01 2.104190289974212646e-01 1.077016964554786682e-01 1.195503249764442444e-01
2.387974411249160767e-01 1.214064732193946838e-01 1.033194363117218018e-01 1.147936582565307617e-01
2.857656180858612061e-01 2.581242471933364868e-02 7.015987485647201538e-02 9.130902588367462158e-02
2.094700783491134644e-01 2.998540401458740234e-01 5.425304546952247620e-02 9.326938539743423462e-02
3.206350207328796387e-01 2.012821286916732788e-01 4.771788418292999268e-02 8.870244771242141724e-02
3.228663802146911621e-01 3.059771656990051270e-01 3.066555783152580261e-02 7.174047082662582397e-02
3.272223174571990967e-01 8.676652610301971436e-02 3.839296847581863403e-02 3.266859427094459534e-02
