1.402918398380279541e-01 -1.962438523769378662e-01 2.032759040594100952e-01 1.334478110074996948e-01
1.326241344213485718e-01 -2.513414323329925537e-01 3.761434853076934814e-01 1.205002665519714355e-01
2.900679223239421844e-02 -2.540746629238128662e-01 3.058142960071563721e-01 1.780432611703872681e-01
1.777088344097137451e-01 -2.546315789222717285e-01 1.311708837747573853e-01 1.069869622588157654e-01
8.741115033626556396e-02 -2.533020973205566406e-01 2.838416695594787598e-01 1.735112816095352173e-01
1.316039860248565674e-01 -2.933717966079711914e-01 2.153837978839874268e-01 1.154983192682266235e-01
-4.667580500245094299e-02 -3.034733235836029053e-01 2.038450092077255249e-01 8.342311531305313110e-02
3.902345523238182068e-02 -1.510930210351943970e-01 2.303917855024337769e-01 1.066041961312294006e-01
7.390467077493667603e-02 -3.021926283836364746e-01 9.709063768386840820e-01 1.414584219455718994e-01
6.472555547952651978e-02 -3.187249302864074707e-01 1.069154024124145508e+00 1.440420895814895630e-01
-2.891984581947326660e-02 -3.128228485584259033e-01 1.069329857826232910e+00 1.458224654197692871e-01
1.634236797690391541e-02 -3.133568465709686279e-01 9.821442365646362305e-01 1.261520683765411377e-01
1.274314224720001221e-01 -3.793450295925140381e-01 1.190126538276672363e+00 4.367150738835334778e-02
-4.333124309778213501e-02 -2.853668630123138428e-01 9.527264237403869629e-01 1.233153641223907471e-01
-1.021581664681434631e-01 -3.066364228725433350e-01 1.159956574440002441e+00 9.327547252178192139e-02
1.268967837095260620e-01 -2.932328879833221436e-01 1.172067165374755859e+00 7.812748104333877563e-02
-1.428936235606670380e-02 -1.816258579492568970e-01 -1.578681617975234985e-01 9.100260585546493530e-02
1.771049201488494873e-01 -2.565217018127441406e-01 9.762933105230331421e-02 1.084347367286682129e-01
9.377900511026382446e-02 -1.873570531606674194e-01 -1.256481260061264038e-01 9.304520487785339355e-02
8.823084086179733276e-02 -1.539324223995208740e-01 1.049318090081214905e-01 9.087787568569183350e-02
1.465659290552139282e-01 -1.539710015058517456e-01 2.684257691726088524e-03 9.853181988000869751e-02
1.638047993183135986e-01 -2.515567839145660400e-01 -4.856137186288833618e-02 7.928074896335601807e-02
2.378777042031288147e-02 -1.540728062391281128e-01 -4.890119284391403198e-02 4.270711541175842285e-02
2.289820089936256409e-02 -1.537053287029266357e-01 2.219991572201251984e-02 5.326032266020774841e-02
1.045266538858413696e-01 -2.732985615730285645e-01 4.282523989677429199e-01 1.522188037633895874e-01
3.456200659275054932e-02 -2.673833370208740234e-01 3.734177350997924805e-01 1.348355710506439209e-01
1.091278120875358582e-01 -2.688349187374114990e-01 5.306468009948730469e-01 1.395225375890731812e-01
8.945658057928085327e-02 -2.862311005592346191e-01 6.187050342559814453e-01 1.484091579914093018e-01
-1.045187748968601227e-02 -2.731174230575561523e-01 6.096662282943725586e-01 1.360921412706375122e-01
3.613735735416412354e-02 -2.806430757045745850e-01 5.251907706260681152e-01 1.347745358943939209e-01
1.786311040632426739e-03 -2.595390677452087402e-01 4.156882464885711670e-01 1.286195665597915649e-01
-1.421229355037212372e-02 -2.502562701702117920e-01 5.039204359054565430e-01 1.150879189372062683e-01
-2.075696131214499474e-03 -2.954203486442565918e-01 1.401940584182739258e+00 7.542139291763305664e-02
9.142013639211654663e-02 -3.427528738975524902e-01 1.123021841049194336e+00 1.266970038414001465e-01
-9.377798438072204590e-02 -2.962208390235900879e-01 1.358050704002380371e+00 8.117926120758056641e-02
-5.091714486479759216e-02 -3.114232718944549561e-01 1.168433070182800293e+00 1.045897677540779114e-01
1.185559332370758057e-01 -3.103789091110229492e-01 1.272311091423034668e+00 9.796651452779769897e-02
9.132096171379089355e-02 -2.972653210163116455e-01 1.367069125175476074e+00 7.982821762561798096e-02
-1.222314387559890747e-01 -3.159440457820892334e-01 1.245935440063476562e+00 9.060832113027572632e-02
-2.258263528347015381e-03 -2.927775979042053223e-01 1.283161520957946777e+00 4.938584193587303162e-02
-8.660340309143066406e-02 -1.648784279823303223e-01 -1.323571503162384033e-01 6.537008285522460938e-02
-1.366112232208251953e-01 -1.578494161367416382e-01 -8.423327654600143433e-02 4.960197210311889648e-02
-1.865436732769012451e-01 -2.074179798364639282e-01 -3.606321662664413452e-02 9.998211264610290527e-02
-1.130607053637504578e-01 -2.204206436872482300e-01 -1.309822350740432739e-01 5.045653134584426880e-02
-5.167853832244873047e-02 -1.538232564926147461e-01 -2.816747315227985382e-02 5.393732711672782898e-02
-3.135915473103523254e-02 -1.540282368659973145e-01 -9.161408245563507080e-02 3.090780600905418396e-02
-1.554446816444396973e-01 -1.637956500053405762e-01 -2.046257816255092621e-02 6.992376595735549927e-02
4.667458683252334595e-02 -3.080857098102569580e-01 9.163513183593750000e-01 1.481525748968124390e-01
-1.544044911861419678e-02 -2.935146391391754150e-01 8.565523624420166016e-01 1.357803791761398315e-01
2.195549895986914635e-03 -2.845948934555053711e-01 6.955465674400329590e-01 1.440615803003311157e-01
8.589991927146911621e-02 -2.907000780105590820e-01 6.768118739128112793e-01 1.466299444437026978e-01
1.028944402933120728e-01 -2.792649567127227783e-01 7.343190312385559082e-01 1.261537969112396240e-01
7.209861278533935547e-02 -3.003416657447814941e-01 8.030945658683776855e-01 1.502164304256439209e-01
-3.619993105530738831e-02 -2.701758742332458496e-01 7.696394324302673340e-01 1.144264712929725647e-01
1.010052785277366638e-01 -2.769760787487030029e-01 8.798213601112365723e-01 1.108716726303100586e-01
-1.731466501951217651e-01 -2.502486109733581543e-01 2.104601077735424042e-02 6.447608768939971924e-02
-1.352154314517974854e-01 -1.540542095899581909e-01 2.193058468401432037e-02 7.525486499071121216e-02
-1.460988223552703857e-01 -2.722857594490051270e-01 1.003777384757995605e-01 5.754029750823974609e-02
-7.547304034233093262e-02 -2.104234248399734497e-01 2.080809026956558228e-01 9.624572843313217163e-02
-5.288492515683174133e-02 -1.539998501539230347e-01 1.239483058452606201e-01 7.057260721921920776e-02
-1.301782429218292236e-01 -1.717983782291412354e-01 1.086958050727844238e-01 6.573048233985900879e-02
-1.016141995787620544e-01 -2.983806133270263672e-01 1.554709523916244507e-01 5.778294056653976440e-02
-2.952172979712486267e-02 -1.539442390203475952e-01 3.787275776267051697e-02 6.039698794484138489e-02
