-1.762028969824314117e-02 6.530356407165527344e-02 -4.616458341479301453e-02 2.852405793964862823e-02
-1.707667484879493713e-02 7.847826182842254639e-02 -1.809271238744258881e-02 2.814468368887901306e-02
-1.458545308560132980e-02 7.735018432140350342e-02 -3.520379215478897095e-02 2.186385914683341980e-02
-7.994908373802900314e-04 6.122507154941558838e-02 1.199992280453443527e-02 2.355711068958044052e-03
-1.681748963892459869e-02 8.173462748527526855e-02 4.956999327987432480e-03 2.791475132107734680e-02
-2.671997994184494019e-02 4.674417525529861450e-02 -2.592299133539199829e-02 1.726003736257553101e-02
-2.802111767232418060e-02 4.986462369561195374e-02 3.914795524906367064e-04 1.616763696074485779e-02
-1.474484056234359741e-02 8.118841797113418579e-03 -8.417294919490814209e-02 2.444587275385856628e-02
-1.695569232106208801e-02 3.099414519965648651e-03 -6.402213126420974731e-02 2.245517075061798096e-02
-1.649697497487068176e-02 5.469509214162826538e-02 -6.123361364006996155e-02 2.604716829955577850e-02
-2.633287385106086731e-02 2.917114831507205963e-02 -4.531568288803100586e-02 1.710142940282821655e-02
-1.534341648221015930e-02 3.907680511474609375e-02 -6.609106808900833130e-02 2.314441464841365814e-02
-2.013162337243556976e-02 1.248848438262939453e-02 -5.970767140388488770e-02 2.371877990663051605e-02
-1.588292792439460754e-02 2.680069208145141602e-02 -8.032441139221191406e-02 2.374745160341262817e-02
-9.176731109619140625e-03 4.521488770842552185e-02 -7.874153554439544678e-02 1.616424880921840668e-02
-1.611901633441448212e-02 4.754300415515899658e-02 6.757770478725433350e-02 2.640847861766815186e-02
-1.699615828692913055e-02 5.913862958550453186e-02 2.653534710407257080e-02 2.429997362196445465e-02
-1.450242660939693451e-02 6.582632660865783691e-02 5.382570996880531311e-02 2.408414520323276520e-02
-1.528739556670188904e-02 7.793499529361724854e-02 3.175922483205795288e-02 2.619925700128078461e-02
-2.182242646813392639e-02 4.194824770092964172e-02 2.768740430474281311e-02 2.475713565945625305e-02
-1.696565933525562286e-02 5.031693726778030396e-02 4.154433682560920715e-02 2.215273119509220123e-02
-2.294394001364707947e-02 3.652329370379447937e-02 4.759462550282478333e-02 2.027574740350246429e-02
-1.743282191455364227e-02 -2.021430246531963348e-02 7.775429636240005493e-02 2.812062948942184448e-02
-1.656326092779636383e-02 2.734936960041522980e-02 7.702364772558212280e-02 2.732058241963386536e-02
-1.777145452797412872e-02 9.506003931164741516e-03 7.819212973117828369e-02 2.830131910741329193e-02
-1.752814650535583496e-02 -3.189637511968612671e-02 7.250811904668807983e-02 2.553220279514789581e-02
-2.799548394978046417e-02 8.918245323002338409e-03 4.356732219457626343e-02 1.621660031378269196e-02
-1.376004703342914581e-02 -5.341477692127227783e-03 8.527156710624694824e-02 2.168745547533035278e-02
-2.660917304456233978e-02 -1.530319917947053909e-02 5.013494938611984253e-02 1.816272921860218048e-02
-2.807160280644893646e-02 2.347609400749206543e-02 5.256059765815734863e-02 9.733546525239944458e-03
-1.723407953977584839e-02 -4.524260014295578003e-02 5.893764644861221313e-02 2.318071201443672180e-02
-1.651182584464550018e-02 -5.301406607031822205e-02 3.339392319321632385e-02 2.426589466631412506e-02
-1.604630611836910248e-02 -6.499268114566802979e-02 5.217720568180084229e-02 2.447639033198356628e-02
-1.415767148137092590e-02 -7.745543122291564941e-02 3.583851456642150879e-02 2.456150017678737640e-02
-2.796466648578643799e-02 -4.310379922389984131e-02 1.463587768375873566e-02 8.880321867763996124e-03
-1.509310211986303329e-02 -3.834674134850502014e-02 7.549072802066802979e-02 2.303413301706314087e-02
-1.281076017767190933e-02 -5.529302731156349182e-02 6.781808286905288696e-02 2.074142731726169586e-02
-2.359116449952125549e-02 -3.710340335965156555e-02 3.528451919555664062e-02 2.142688073217868805e-02
-2.601204067468643188e-02 -6.729526445269584656e-03 -3.751121833920478821e-02 2.080928906798362732e-02
-2.901998534798622131e-02 -7.563581690192222595e-03 2.426061779260635376e-02 1.943710818886756897e-02
-2.802581340074539185e-02 2.012619748711585999e-02 -2.404606156051158905e-02 1.872561872005462646e-02
-2.881705760955810547e-02 -2.452449500560760498e-02 8.253166452050209045e-03 1.924395747482776642e-02
-2.797262184321880341e-02 -2.884728275239467621e-02 -1.511565409600734711e-02 1.864214055240154266e-02
-2.890045754611492157e-02 2.551793120801448822e-02 1.079748733900487423e-03 1.972778141498565674e-02
-2.936588041484355927e-02 1.267410535365343094e-02 1.731100864708423615e-02 1.819210313260555267e-02
-3.048169054090976715e-02 -1.432907884009182453e-03 -6.559059489518404007e-03 1.678265631198883057e-02
-1.651741005480289459e-02 -8.094347268342971802e-02 1.303408760577440262e-02 2.675721235573291779e-02
-1.469178684055805206e-02 -7.676622271537780762e-02 -3.633945807814598083e-02 2.185640484094619751e-02
-1.700575463473796844e-02 -7.739099860191345215e-02 -2.255217544734477997e-02 2.628985606133937836e-02
-1.988482661545276642e-02 -5.942274257540702820e-02 1.743783243000507355e-02 2.363034337759017944e-02
-1.714337430894374847e-02 -8.087451756000518799e-02 -7.408639416098594666e-03 2.690679579973220825e-02
-2.665294893085956573e-02 -4.961449280381202698e-02 -2.070085331797599792e-02 1.713661104440689087e-02
-1.766976900398731232e-02 -6.642332673072814941e-02 -4.411680251359939575e-02 2.717425674200057983e-02
-2.798312529921531677e-02 -5.117572471499443054e-02 -7.283448358066380024e-04 1.331858430057764053e-02
-1.514005009084939957e-02 -1.261334866285324097e-02 -8.343405276536941528e-02 2.376222051680088043e-02
-1.966929249465465546e-02 -1.132809277623891830e-02 -5.943089351058006287e-02 2.411646395921707153e-02
-1.665267162024974823e-02 -6.049363687634468079e-02 -5.498407036066055298e-02 2.646926417946815491e-02
-1.375804282724857330e-02 -4.841971769928932190e-02 -7.214611768722534180e-02 2.242357470095157623e-02
-1.550421584397554398e-02 -3.018360957503318787e-02 -7.844220846891403198e-02 2.356694824993610382e-02
-2.800676040351390839e-02 -3.703146800398826599e-02 -3.914437070488929749e-02 1.414269302040338516e-02
-1.619338430464267731e-02 -4.250241443514823914e-02 -6.551823019981384277e-02 2.464362792670726776e-02
-2.798810042440891266e-02 -2.491446770727634430e-02 -4.515950754284858704e-02 1.035513449460268021e-02
