6.841237097978591919e-02 -1.864205449819564819e-01 -8.263123221695423126e-03 1.257523596286773682e-01
2.933239378035068512e-02 -1.441659480333328247e-01 5.123130232095718384e-02 1.581073850393295288e-01
-3.853763639926910400e-02 -1.432861834764480591e-01 2.964762784540653229e-02 1.796979457139968872e-01
2.021847758442163467e-03 -2.545368298888206482e-02 5.309762433171272278e-03 1.430285722017288208e-01
1.061489805579185486e-01 -2.045519202947616577e-01 1.753151863813400269e-01 3.920960426330566406e-02
2.099845707416534424e-01 -7.136979699134826660e-02 1.236128956079483032e-01 4.624802619218826294e-02
-7.833012379705905914e-03 -1.611945927143096924e-01 -4.392198100686073303e-02 1.577279865741729736e-01
1.449597924947738647e-01 -1.525207161903381348e-01 3.382474556565284729e-02 1.151517108082771301e-01
-2.629424259066581726e-02 -1.300732940435409546e-01 2.913837879896163940e-02 1.734481006860733032e-01
-6.609262526035308838e-02 -4.635596647858619690e-03 1.244898885488510132e-01 1.792799830436706543e-01
-2.054488360881805420e-01 -1.055976375937461853e-01 1.112764626741409302e-01 8.442801237106323242e-02
-2.230026721954345703e-01 3.044127486646175385e-02 7.090222090482711792e-02 7.246217131614685059e-02
-2.207096368074417114e-01 -1.317810267210006714e-01 1.781892180442810059e-01 8.256521821022033691e-02
-2.283214479684829712e-01 -5.126073956489562988e-02 7.742093503475189209e-02 7.531354576349258423e-02
-5.196471139788627625e-02 1.009447947144508362e-01 9.282211959362030029e-02 9.466075897216796875e-02
-2.138020098209381104e-01 9.145133942365646362e-02 8.845378458499908447e-02 9.122844040393829346e-02
-1.110104247927665710e-01 1.454288065433502197e-01 1.466912031173706055e-01 1.044236943125724792e-01
-1.803195923566818237e-01 1.712278723716735840e-01 1.446485966444015503e-01 1.302137225866317749e-01
-2.078507989645004272e-01 1.854885816574096680e-01 2.654877603054046631e-01 9.679947048425674438e-02
-2.013012617826461792e-01 2.685144245624542236e-01 2.179110497236251831e-01 1.074935272336006165e-01
-6.646618992090225220e-02 2.665195465087890625e-01 1.514995396137237549e-01 9.658809751272201538e-02
-1.906034350395202637e-01 2.649239301681518555e-01 1.445138752460479736e-01 1.127197965979576111e-01
-2.112141698598861694e-01 1.215471178293228149e-01 2.902758717536926270e-01 9.454295784235000610e-02
-1.001157537102699280e-01 -7.484194822609424591e-03 2.431764006614685059e-01 1.434034705162048340e-01
-1.396853774785995483e-01 9.795746207237243652e-02 1.610742360353469849e-01 1.664246469736099243e-01
-1.727924197912216187e-01 -5.441367998719215393e-02 2.355538755655288696e-01 1.467320770025253296e-01
-2.061571329832077026e-01 -3.629896044731140137e-02 3.258257806301116943e-01 8.645959198474884033e-02
-2.250846028327941895e-01 -3.897411376237869263e-02 7.751748710870742798e-02 9.470932185649871826e-02
-2.136392146348953247e-01 4.485757648944854736e-02 3.232562243938446045e-01 8.429460227489471436e-02
6.652086740359663963e-04 6.877781450748443604e-02 -1.227964530698955059e-03 1.066551730036735535e-01
6.554498337209224701e-03 9.818006306886672974e-02 -6.583526846952736378e-04 1.013126373291015625e-01
-2.776867523789405823e-02 1.217949315905570984e-01 -3.159490972757339478e-02 7.596115022897720337e-02
5.882516503334045410e-03 1.699743419885635376e-01 -7.871118932962417603e-02 2.063777483999729156e-02
3.442382439970970154e-02 1.494289338588714600e-01 -5.273846536874771118e-02 4.955965653061866760e-02
3.203831613063812256e-02 1.236415579915046692e-01 -1.649556122720241547e-02 7.631175965070724487e-02
-2.273197844624519348e-02 1.145481243729591370e-01 2.076089009642601013e-02 7.985109090805053711e-02
-3.430784866213798523e-02 1.596878170967102051e-01 -6.797932833433151245e-02 3.631829470396041870e-02
3.767688944935798645e-02 2.666134536266326904e-01 1.510918140411376953e-01 8.156825602054595947e-02
-2.295969426631927490e-02 1.471911221742630005e-01 1.427239775657653809e-01 1.081124246120452881e-01
-2.426712626402149908e-06 8.769279718399047852e-02 8.199749514460563660e-03 1.107594147324562073e-01
-1.025827042758464813e-02 2.676300108432769775e-01 1.512290835380554199e-01 8.268857002258300781e-02
8.042900264263153076e-02 2.808338999748229980e-01 1.484543830156326294e-01 8.387145400047302246e-02
8.272893726825714111e-02 2.508788704872131348e-01 1.474125385284423828e-01 7.840000092983245850e-02
4.852522164583206177e-02 1.399885118007659912e-01 2.015115134418010712e-02 6.762918829917907715e-02
4.875945672392845154e-02 1.446405202150344849e-01 -3.354611620306968689e-02 5.978471040725708008e-02
2.079221606254577637e-01 -3.263064846396446228e-02 2.992825508117675781e-01 4.342524707317352295e-02
9.986144304275512695e-02 -4.048867151141166687e-02 1.667471677064895630e-01 1.582079678773880005e-01
1.914448589086532593e-01 -9.696996957063674927e-02 2.601960599422454834e-01 6.338323652744293213e-02
1.325393766164779663e-01 1.085374951362609863e-01 2.378447800874710083e-01 5.158146098256111145e-02
1.981875598430633545e-01 9.542239457368850708e-02 2.545508146286010742e-01 5.424996465444564819e-02
2.143335342407226562e-01 1.026417911052703857e-01 1.832813769578933716e-01 3.601216152310371399e-02
1.992205828428268433e-01 3.340585157275199890e-02 2.990021109580993652e-01 5.062986537814140320e-02
6.637580692768096924e-02 1.772007090039551258e-04 2.432510554790496826e-01 1.411959975957870483e-01
2.012817263603210449e-01 4.352362826466560364e-02 1.037024036049842834e-01 5.271684005856513977e-02
1.111938059329986572e-02 -4.132167901843786240e-03 1.376618593931198120e-01 1.787522286176681519e-01
1.371766030788421631e-01 -6.112181395292282104e-02 8.600322902202606201e-02 7.569434493780136108e-02
2.080852240324020386e-01 -3.106180392205715179e-02 1.004636213183403015e-01 4.493288323283195496e-02
1.875043362379074097e-01 1.093673035502433777e-01 2.265791296958923340e-01 5.632333084940910339e-02
1.446305662393569946e-01 1.075991615653038025e-01 1.637512296438217163e-01 5.065822601318359375e-02
1.074847206473350525e-01 1.115156710147857666e-01 2.190404087305068970e-01 5.323453992605209351e-02
1.986026316881179810e-01 9.936574846506118774e-02 1.579108536243438721e-01 5.209103971719741821e-02
