3.966102004051208496e-01 -1.132030412554740906e-02 1.285224035382270813e-02 1.523982286453247070e-01
3.196097016334533691e-01 2.533594071865081787e-01 -2.103847684338688850e-03 1.493179798126220703e-01
1.860080957412719727e-01 -3.822838887572288513e-02 -8.076512254774570465e-03 1.602992713451385498e-01
3.967066705226898193e-01 -2.421599067747592926e-02 -1.058128923177719116e-01 1.698589026927947998e-01
2.371888160705566406e-01 8.845374733209609985e-02 -1.341422200202941895e-01 2.054927051067352295e-01
3.223804235458374023e-01 -1.357641350477933884e-02 8.381822705268859863e-02 1.791010946035385132e-01
2.631072402000427246e-01 1.351847872138023376e-02 -3.570665046572685242e-02 1.934031695127487183e-01
9.494134038686752319e-02 1.523645818233489990e-01 -3.277237713336944580e-01 1.525514274835586548e-01
-1.325881332159042358e-01 1.995962411165237427e-01 -4.608398079872131348e-01 5.950512364506721497e-02
-4.169255122542381287e-02 2.299084216356277466e-01 -4.496053755283355713e-01 6.518796831369400024e-02
-9.669291228055953979e-02 1.065491661429405212e-01 -3.140429854393005371e-01 1.538165956735610962e-01
-1.202247291803359985e-01 8.789912611246109009e-02 -2.060909718275070190e-01 1.368366181850433350e-01
1.095601543784141541e-01 6.924752146005630493e-02 -2.501203119754791260e-01 2.073366194963455200e-01
3.424909710884094238e-02 2.402815818786621094e-01 -4.714766144752502441e-01 3.482612594962120056e-02
-2.002309709787368774e-01 1.188067644834518433e-01 -4.489721059799194336e-01 6.935964524745941162e-02
1.395301818847656250e-01 1.172034591436386108e-01 -2.864786982536315918e-01 2.281585931777954102e-01
9.285032749176025391e-02 -9.670079499483108521e-02 -1.307743936777114868e-01 7.146350294351577759e-02
2.233297824859619141e-01 -1.281342003494501114e-03 -2.966896891593933105e-01 2.166182994842529297e-01
3.889304995536804199e-01 -1.074378266930580139e-01 -2.333279401063919067e-01 6.263410300016403198e-02
2.081993967294692993e-01 -1.189158409833908081e-01 -4.862036406993865967e-01 3.854183480143547058e-02
2.857124805450439453e-01 -1.370389014482498169e-01 -3.459157049655914307e-01 1.016244441270828247e-01
2.828598618507385254e-01 1.082600792869925499e-03 -5.363044738769531250e-01 4.184406623244285583e-02
-2.331129163503646851e-01 -3.690750598907470703e-01 -3.004758059978485107e-01 6.501127034425735474e-02
-2.548574209213256836e-01 -4.091349542140960693e-01 -2.471120655536651611e-01 6.131086871027946472e-02
-2.982774376869201660e-01 -3.079292476177215576e-01 -3.292878866195678711e-01 5.981567129492759705e-02
-3.184345364570617676e-01 -3.682215809822082520e-01 -2.932101488113403320e-01 5.068795010447502136e-02
-3.025754094123840332e-01 -4.120743274688720703e-01 -2.671321034431457520e-01 5.726559460163116455e-02
-3.425982296466827393e-01 -4.149470329284667969e-01 -2.181412428617477417e-01 6.436988711357116699e-02
-3.511947393417358398e-01 -4.141010940074920654e-01 -1.397812962532043457e-01 7.130135595798492432e-02
-2.912762463092803955e-01 -4.213700890541076660e-01 -1.843133866786956787e-01 5.393446236848831177e-02
-3.559475839138031006e-01 2.617196552455425262e-02 -1.365062892436981201e-01 7.457380741834640503e-02
-1.597338765859603882e-01 6.219825893640518188e-02 -2.761631309986114502e-01 9.754472225904464722e-02
-2.900865375995635986e-01 3.330117836594581604e-02 -1.759277880191802979e-01 5.937429890036582947e-02
-3.479993045330047607e-01 2.518595196306705475e-02 -2.205157279968261719e-01 6.611664593219757080e-02
-1.686984449625015259e-01 8.294685930013656616e-02 -1.757049411535263062e-01 8.679668605327606201e-02
-2.218185514211654663e-01 4.502191441133618355e-04 -3.086549639701843262e-01 8.208911120891571045e-02
-3.090685307979583740e-01 -1.752975024282932281e-02 -2.996941208839416504e-01 6.414417177438735962e-02
-2.623791694641113281e-01 2.129834331572055817e-02 -2.385296225547790527e-01 4.963925853371620178e-02
-1.760025024414062500e-01 -3.187552988529205322e-01 -3.355300426483154297e-01 7.070650905370712280e-02
-1.756982952356338501e-01 3.179501974955201149e-03 -3.411288559436798096e-01 1.591139882802963257e-01
-1.717082560062408447e-01 -1.972052007913589478e-01 -4.122847020626068115e-01 1.160206943750381470e-01
-2.280819863080978394e-01 -9.008900821208953857e-02 -3.939514458179473877e-01 1.066940501332283020e-01
-2.334646582603454590e-01 7.461424451321363449e-03 -4.092633426189422607e-01 1.072983667254447937e-01
-5.776683241128921509e-02 -2.451266050338745117e-01 -4.700463116168975830e-01 5.205408111214637756e-02
-2.805091738700866699e-01 -2.264491915702819824e-01 -3.685448467731475830e-01 9.543226659297943115e-02
-2.842016518115997314e-01 -9.276717901229858398e-02 -3.467125296592712402e-01 7.033524662256240845e-02
2.025620639324188232e-01 2.925914945080876350e-03 -3.248570859432220459e-01 1.526461541652679443e-01
-1.123159602284431458e-01 -2.133590579032897949e-01 -4.148599505424499512e-01 1.216439232230186462e-01
-3.798045963048934937e-02 -6.506306584924459457e-03 -3.384856581687927246e-01 1.308312267065048218e-01
7.061757892370223999e-02 2.536951377987861633e-02 -3.868083059787750244e-01 2.307712472975254059e-02
7.920726388692855835e-02 -9.083157777786254883e-02 -3.032448589801788330e-01 1.329291462898254395e-01
1.613786220550537109e-01 -1.603469252586364746e-01 -4.199649989604949951e-01 9.797226637601852417e-02
-2.468907041475176811e-04 -1.408686339855194092e-01 -3.803070187568664551e-01 4.502574726939201355e-02
5.070034787058830261e-02 -2.143109291791915894e-01 -4.293179810047149658e-01 9.607072174549102783e-02
1.012043878436088562e-01 2.161304652690887451e-01 -4.634112715721130371e-01 1.761725731194019318e-02
7.548566907644271851e-02 2.246200144290924072e-01 -4.608554244041442871e-01 1.516726333647966385e-02
7.388880848884582520e-02 2.285552471876144409e-01 -4.820783138275146484e-01 1.757658645510673523e-02
9.055989235639572144e-02 2.218113541603088379e-01 -4.837661385536193848e-01 1.690727844834327698e-02
1.147455498576164246e-01 2.105195373296737671e-01 -4.795444607734680176e-01 1.090701669454574585e-02
5.860676616430282593e-02 2.334784567356109619e-01 -4.768212735652923584e-01 1.780740916728973389e-02
1.057891324162483215e-01 2.127189934253692627e-01 -4.914309978485107422e-01 8.238719776272773743e-03
1.161636114120483398e-01 2.051976472139358521e-01 -4.940418899059295654e-01 5.258827004581689835e-03
