1.631742358207702637e+00 -1.456591635942459106e-01 7.050522416830062866e-02 1.072511374950408936e-01
1.512395858764648438e+00 -1.471917629241943359e-01 7.707870006561279297e-02 9.616603702306747437e-02
1.637861490249633789e+00 1.364324092864990234e-01 4.790225531905889511e-03 1.073268428444862366e-01
1.658318519592285156e+00 -1.464836001396179199e-01 -3.676941990852355957e-02 1.096730381250381470e-01
1.550993800163269043e+00 1.421303749084472656e-01 5.171138420701026917e-02 1.003249734640121460e-01
1.479173064231872559e+00 -1.469009071588516235e-01 -3.723639994859695435e-02 1.183789148926734924e-01
1.576411962509155273e+00 -1.411934792995452881e-01 -1.032389700412750244e-01 7.741154730319976807e-02
1.564085364341735840e+00 1.401830762624740601e-01 -5.338184535503387451e-02 1.125045195221900940e-01
1.430136084556579590e+00 1.403324604034423828e-01 -5.133689567446708679e-02 8.221685141324996948e-02
1.271464705467224121e+00 2.902729250490665436e-02 2.375972457230091095e-03 1.356922388076782227e-01
1.303050756454467773e+00 -7.869802415370941162e-02 1.909689861349761486e-03 1.545631140470504761e-01
1.317782044410705566e+00 7.840982079505920410e-02 -1.076126843690872192e-02 1.411116570234298706e-01
1.410589933395385742e+00 -1.400932669639587402e-01 -4.430411010980606079e-02 1.019032076001167297e-01
1.412546157836914062e+00 -1.417813897132873535e-01 5.882512405514717102e-02 8.866552263498306274e-02
1.327921986579895020e+00 1.087437793612480164e-01 4.112682119011878967e-02 1.039756685495376587e-01
1.433742284774780273e+00 1.404794603586196899e-01 4.715876281261444092e-02 8.269371837377548218e-02
-2.142514847218990326e-02 1.124651826103217900e-04 -5.022366531193256378e-04 1.070083677768707275e-01
-1.289992332458496094e-01 1.546434796182438731e-04 2.234192288597114384e-05 1.020032465457916260e-01
-2.245921939611434937e-01 -8.256524801254272461e-03 -3.381714597344398499e-02 7.801695168018341064e-02
-2.246180176734924316e-01 -3.402644023299217224e-02 -6.635842844843864441e-03 8.007468283176422119e-02
-2.295078635215759277e-01 3.001176379621028900e-02 -2.532994188368320465e-02 7.639007270336151123e-02
-2.245959788560867310e-01 2.542897686362266541e-02 2.323594875633716583e-02 8.216601610183715820e-02
-2.208574861288070679e-01 -1.712101697921752930e-02 2.841265313327312469e-02 8.489830046892166138e-02
7.579574733972549438e-02 6.555440631927922368e-05 1.381673064315691590e-04 9.772703051567077637e-02
3.235092759132385254e-01 -3.199060301994904876e-05 -1.476507051847875118e-03 1.036763936281204224e-01
2.558635473251342773e-01 6.402801773219835013e-06 -1.475773024139925838e-04 1.141792163252830505e-01
1.515613347291946411e-01 3.714073391165584326e-04 3.434912287048064172e-05 9.692676365375518799e-02
2.551909089088439941e-01 -1.879618153907358646e-03 7.816943689249455929e-04 1.127827689051628113e-01
1.115414500236511230e+00 6.102230399847030640e-04 1.424180954927578568e-04 1.418130248785018921e-01
1.269837737083435059e+00 5.920150130987167358e-02 6.519548333017155528e-05 1.458988338708877563e-01
1.283381223678588867e+00 -8.358613401651382446e-02 -1.033732914947904646e-04 1.460269093513488770e-01
1.252323985099792480e+00 -1.300748065114021301e-02 -7.779517181916162372e-05 1.512800455093383789e-01
1.229626178741455078e+00 -8.310391753911972046e-02 -6.102707993704825640e-05 1.338114887475967407e-01
1.211103558540344238e+00 6.057771667838096619e-02 -8.912607154343277216e-05 1.409061104059219360e-01
1.185030817985534668e+00 6.103812530636787415e-02 -3.651183214969933033e-04 1.367410421371459961e-01
3.654647469520568848e-01 2.345282337046228349e-05 1.437863393221050501e-04 1.088479906320571899e-01
4.850812554359436035e-01 3.080728056374937296e-04 4.640027473215013742e-04 1.040895506739616394e-01
4.419278502464294434e-01 -1.090481018763966858e-04 -1.657330722082406282e-04 1.110501885414123535e-01
4.136835932731628418e-01 2.242086455225944519e-03 4.474873654544353485e-03 1.072540208697319031e-01
4.079090058803558350e-01 3.058048151433467865e-02 -2.389850839972496033e-02 7.546968013048171997e-02
3.992557227611541748e-01 -3.408103808760643005e-02 -2.487112395465373993e-02 7.186131924390792847e-02
3.910373151302337646e-01 -3.179482370615005493e-02 2.382162772119045258e-02 7.141111791133880615e-02
4.317454993724822998e-01 -2.866333164274692535e-02 2.214553207159042358e-02 7.596656680107116699e-02
6.633030176162719727e-01 3.188180853612720966e-04 -4.000717017333954573e-04 1.282650381326675415e-01
5.559355020523071289e-01 -3.013183013536036015e-04 -3.425305476412177086e-04 9.468430280685424805e-02
6.687222719192504883e-01 5.652240477502346039e-03 4.326906800270080566e-02 8.977878093719482422e-02
7.740494608879089355e-01 5.235166827333159745e-05 2.494394720997661352e-04 9.331645816564559937e-02
6.666216254234313965e-01 -2.493296377360820770e-02 2.471504546701908112e-02 9.609977900981903076e-02
6.668740510940551758e-01 -3.596518561244010925e-02 -4.891804419457912445e-04 9.467946738004684448e-02
8.120350837707519531e-01 2.819690053001977503e-05 1.556429197080433369e-04 9.253211319446563721e-02
9.983448982238769531e-01 9.973465057555586100e-05 -1.810645917430520058e-04 9.224769473075866699e-02
9.641796946525573730e-01 6.854773528175428510e-05 2.843449765350669622e-04 9.259203076362609863e-02
9.323396682739257812e-01 3.701821697177365422e-05 -8.730138506507501006e-05 9.232610464096069336e-02
9.021770954132080078e-01 -5.857912765350192785e-05 -1.808324886951595545e-04 9.210351109504699707e-02
8.720695972442626953e-01 1.916792389238253236e-04 -2.294861915288493037e-04 9.243912994861602783e-02
8.415591716766357422e-01 2.473670756444334984e-04 -8.331252320203930140e-05 9.216758608818054199e-02
