-8.838444203138351440e-02 -1.103665027767419815e-02 -1.033954322338104248e-03 7.409669458866119385e-02
-1.124930009245872498e-01 -1.185219641774892807e-02 -1.162536442279815674e-02 6.217192485928535461e-02
-1.344570070505142212e-01 5.106031429022550583e-03 -3.635988384485244751e-02 4.191160947084426880e-02
-1.235455274581909180e-01 -2.349318563938140869e-02 -1.425736676901578903e-02 5.436133593320846558e-02
-1.244963109493255615e-01 -2.511635795235633850e-02 1.906282082200050354e-02 5.407611280679702759e-02
-1.282103061676025391e-01 -2.320215664803981781e-02 3.042554482817649841e-02 4.623304307460784912e-02
-1.410277485847473145e-01 1.999727683141827583e-03 4.408173263072967529e-02 3.277559578418731689e-02
-1.395651698112487793e-01 -2.637203224003314972e-02 -4.356705397367477417e-02 3.125628083944320679e-02
1.193686798214912415e-01 3.430001810193061829e-02 3.502213954925537109e-02 5.950764566659927368e-02
1.145012155175209045e-01 -5.304644349962472916e-03 4.339475184679031372e-02 6.716419756412506104e-02
1.199842467904090881e-01 -4.457169398665428162e-02 -2.081201225519180298e-02 6.037799268960952759e-02
9.757519513368606567e-02 -7.910319603979587555e-03 -3.074996918439865112e-02 8.362755179405212402e-02
1.310337632894515991e-01 6.370253860950469971e-02 3.381664282642304897e-04 4.280243813991546631e-02
1.176298707723617554e-01 -4.196919500827789307e-02 2.139942348003387451e-02 6.353568285703659058e-02
1.119563207030296326e-01 4.449898377060890198e-02 1.324113644659519196e-02 6.253751367330551147e-02
6.535596400499343872e-02 1.710320822894573212e-02 1.025953315547667444e-04 9.572905302047729492e-02
-2.108415029942989349e-02 3.081192821264266968e-02 -9.747946169227361679e-04 8.117482066154479980e-02
4.379597678780555725e-02 2.382486127316951752e-02 2.466856967657804489e-03 8.902884274721145630e-02
9.053746238350868225e-03 5.784525349736213684e-02 3.293101117014884949e-02 4.964675754308700562e-02
2.186772599816322327e-02 4.948414489626884460e-02 -2.812016755342483521e-02 5.776574835181236267e-02
-1.476938556879758835e-02 7.675088196992874146e-02 3.772516548633575439e-02 3.204597532749176025e-02
-1.027741376310586929e-02 7.175450772047042847e-02 -3.643031418323516846e-02 3.975111618638038635e-02
-3.983274102210998535e-02 9.136062860488891602e-02 3.146296739578247070e-02 1.238302234560251236e-02
-1.001952588558197021e-01 1.054636575281620026e-02 1.473500742577016354e-03 7.258278131484985352e-02
-6.887790560722351074e-02 1.170074846595525742e-02 1.396847772412002087e-03 7.410239428281784058e-02
-6.982355564832687378e-02 4.653485491871833801e-02 9.708743891678750515e-04 6.537644565105438232e-02
-9.835799783468246460e-02 4.593379050493240356e-02 -2.845249255187809467e-04 6.368611752986907959e-02
-1.329038441181182861e-01 2.869919501245021820e-02 -3.229435533285140991e-02 4.084750264883041382e-02
-1.290110349655151367e-01 3.148017078638076782e-02 3.040368854999542236e-02 4.523822292685508728e-02
-1.282803565263748169e-01 6.756852567195892334e-02 -1.038764417171478271e-02 4.522543400526046753e-02
-1.301649808883666992e-01 7.110746949911117554e-02 1.383699569851160049e-02 4.086536541581153870e-02
1.004243493080139160e-01 6.435022689402103424e-03 -4.520141705870628357e-02 6.916466355323791504e-02
8.283121883869171143e-02 2.555607073009014130e-02 -2.408561296761035919e-02 7.659865915775299072e-02
1.105161681771278381e-01 7.367708534002304077e-02 -7.561716437339782715e-02 3.486296534538269043e-02
1.444825530052185059e-01 5.947734043002128601e-02 -9.051080048084259033e-02 2.366194501519203186e-02
1.111140027642250061e-01 4.853183403611183167e-02 -7.936915010213851929e-02 3.950789198279380798e-02
1.071962043642997742e-01 1.330685801804065704e-02 -4.299921914935112000e-02 6.890596449375152588e-02
1.135301440954208374e-01 3.860575705766677856e-02 -2.754871174693107605e-02 6.298606842756271362e-02
8.607687801122665405e-02 7.096886110957711935e-05 -3.638657182455062866e-02 7.298591732978820801e-02
6.567591428756713867e-02 -7.413004059344530106e-03 2.474467328283935785e-05 9.644695371389389038e-02
1.660977490246295929e-02 -7.713684439659118652e-02 -5.371158197522163391e-02 3.209549933671951294e-02
4.853545874357223511e-02 -4.659064859151840210e-02 2.708631381392478943e-02 6.069695949554443359e-02
5.456070229411125183e-02 1.901842467486858368e-02 -1.541805395390838385e-04 9.480048716068267822e-02
5.609628930687904358e-02 -4.093366488814353943e-02 -4.136310145258903503e-02 4.888976737856864929e-02
4.349742457270622253e-02 -6.684768199920654297e-02 -3.482558950781822205e-02 4.068044945597648621e-02
1.629913412034511566e-02 -8.319887518882751465e-02 5.413056537508964539e-02 3.035001270473003387e-02
-5.765781179070472717e-02 -2.127544209361076355e-02 -1.636713556945323944e-02 5.382263287901878357e-02
2.541969530284404755e-02 -3.869373351335525513e-02 -1.751068048179149628e-02 6.628803908824920654e-02
-2.166646718978881836e-02 -3.497193381190299988e-02 -4.881740547716617584e-03 6.953413039445877075e-02
7.367920130491256714e-03 -8.031976222991943359e-02 -5.739879980683326721e-02 2.628350444138050079e-02
-4.880737513303756714e-02 -8.098183572292327881e-02 -2.386877126991748810e-02 2.594141103327274323e-02
-3.677341714501380920e-02 -8.796361833810806274e-02 -4.412850365042686462e-02 2.006086893379688263e-02
-1.317886356264352798e-02 -8.288025110960006714e-02 -5.703927204012870789e-02 2.558886259794235229e-02
-7.587531208992004395e-02 -1.283826306462287903e-02 7.727233227342367172e-03 6.438143551349639893e-02
3.292886167764663696e-02 -2.895860373973846436e-02 1.021526660770177841e-02 7.594901323318481445e-02
-3.409402444958686829e-02 -1.026228535920381546e-02 3.615650348365306854e-05 7.478917390108108521e-02
2.624041400849819183e-03 -6.246839091181755066e-02 3.957653790712356567e-02 4.391705244779586792e-02
-4.855338484048843384e-02 -6.256064772605895996e-02 1.376287359744310379e-02 4.357324913144111633e-02
-1.626902446150779724e-02 -7.774271070957183838e-02 4.893521219491958618e-02 3.084246255457401276e-02
-3.959861025214195251e-02 -8.389385044574737549e-02 3.855490311980247498e-02 2.604245021939277649e-02
-4.998675361275672913e-02 -6.182684749364852905e-02 -1.028984691947698593e-02 4.387313127517700195e-02
